 86 175 217 394 444 618 640 829 851 998 1025 1101 1198 1330 1393 1428 1473 1676 1754 1758 1864 2142 2401 2684 2771 2841 2871 2916 2937 3002 3506 3520 3634 3820 3959 4646 4778 4837 4872 4937 5367 5473 5616 5851 5874 5883 6039 6040 6433 6477 6487 6810 6936 7063 7177 7212 7357 7422 7423 7508 7531 7691 7709 7731 7762 7894 7921 8076 8190 8453 8483 8631 8724 8726 8796 9107 9221 9444 9446 9450 9473 9484 9598 9625 9685 9716 9780 9844 9873 9989 INA_16_1 INA_16_2 INA_9_3_1 INA_9_3_2 INA_9_6_1 INA_9_6_2
hsa-let-7a-3p 164 406 132 0 584 150 16 4 0 112 100 490 106 124 408 4 262 120 228 26 132 98 64 174 71 32 8 60 102 21 86 1 4 6 48 0 60 61 9 18 1 59 54 6 50 540 72 72 42 96 4 286 80 130 146 130 80 4 944 70 270 0 12 0 94 38 0 50 244 136 0 86 4 116 316 64 106 60 172 2 28 12 6 132 118 178 522 100 68 38 710 894 988 506 148 25
hsa-let-7a-5p 456570 397420 279074 160832 798074 485664 427958 162098 554822 308922 476540 1818304 226434 104928 422494 245318 194010 514082 440500 380036 81300 336832 788624 214120 167973 59956 103898 122592 213286 74581 432509 76293 92335 99254 134747 34679 240713 264834 169106 108192 188872 133604 207538 65782 145918 429342 284624 428186 595286 608514 293102 486334 192994 274288 304254 233206 229076 268550 1710484 228446 773162 280770 336264 121262 86848 512724 120570 179134 416266 247904 63936 406618 48374 313934 480540 188520 223032 269192 455732 397982 331936 307250 115772 430062 207260 767430 536780 228678 231258 262368 625352 732038 809030 236674 75169 89076
hsa-let-7b-3p 66 58 110 54 4 154 110 40 234 2 50 388 50 66 114 234 22 146 34 174 24 18 274 80 42 42 22 36 90 32 217 137 29 10 33 5 116 8 28 153 74 27 0 26 80 190 110 0 70 78 34 166 66 270 194 22 188 0 406 4 600 90 54 110 140 42 100 0 232 106 2 268 0 52 182 36 24 0 80 0 224 34 22 22 26 158 280 0 190 124 236 212 256 88 0 3
hsa-let-7b-5p 29066 19628 11574 7770 3640 31314 13198 10290 72412 10044 41970 72964 7892 4392 23912 9522 6206 60396 6472 39192 4252 16190 81718 15490 15571 5985 7549 9931 10973 3474 53779 5555 3577 12139 9206 2348 22986 10133 23991 10445 34773 6346 18840 3322 31482 48114 45260 28834 73998 95420 33352 44968 22312 10678 18276 3230 19946 11136 73372 2678 110000 8998 14174 21234 5592 50106 8134 9436 26186 5054 4720 29266 10958 20246 6904 11922 20440 21100 26910 38056 20718 24776 5018 13040 16998 26748 17812 19930 12980 34484 17322 21530 18010 5788 1169 1582
hsa-let-7c-5p 20666 8558 10416 2338 23816 5128 2468 4184 23422 2186 7398 58618 7624 1108 74744 2044 832 2872 12894 4506 818 822 3596 10490 2593 5945 601 515 10722 1863 2181 4868 5024 6867 1530 182 15010 1338 18571 4905 17857 1587 20273 4806 15766 10446 20078 36808 53288 86368 1888 65244 2698 6430 7102 2762 6248 872 8812 556 101214 30362 3622 2860 1550 30134 2022 710 11002 4550 11308 25612 992 23146 3296 1138 2184 13884 2240 19038 17728 1504 292 1868 6586 52204 22324 1550 1924 26626 26430 33316 27392 8374 6422 8924
hsa-let-7d-3p 14836 5238 2874 2604 23878 4676 2854 2264 13982 4362 6446 17908 1676 962 4252 3894 2748 4078 1732 5606 2044 4996 28876 3170 2584 665 1245 1752 2189 913 5780 1580 1103 1419 1636 513 2429 2350 3102 1776 4964 1648 3697 870 4476 3776 2866 6784 8158 6892 4820 4046 2624 3188 4030 2546 3124 8650 20132 2036 16600 3642 7442 3774 2380 6702 4430 3202 9346 2960 760 8444 1386 3510 4508 1360 3282 3016 6456 7788 6002 4190 2000 4204 2822 7764 5508 8426 2690 5114 14990 16822 17654 5510 880 1081
hsa-let-7d-5p 70498 65722 23470 16702 198446 56924 34444 20452 74860 59454 82922 180288 26050 13900 66260 38068 24260 57244 32862 40656 12318 41242 135568 28192 22820 9027 11650 20677 21196 8189 69337 10047 11188 10832 12273 3913 28920 23391 25746 12496 30824 11747 42981 6300 24598 61860 33918 49226 83870 124298 41968 77866 29294 17284 33474 29252 26502 31538 196190 27428 128174 29308 21236 12684 15352 65210 10422 25360 53744 29736 4712 46130 4798 57340 47920 28402 34892 37058 60418 56438 45150 40218 13140 53078 27090 100276 68458 32466 22898 29886 98362 145808 121812 42042 6338 8634
hsa-let-7e-5p 4728 158 2002 860 454 1970 630 846 4360 546 168 3880 496 502 150 618 680 62 108 172 588 258 5354 2216 659 96 112 105 1414 54 543 162 30 758 959 787 313 543 954 144 59 511 112 60 126 1760 4500 2204 4734 442 600 3276 1240 2198 3206 394 2540 1412 880 150 472 276 1932 1424 38 1898 648 998 1264 630 40 1794 164 220 364 184 418 1664 162 3060 670 992 748 242 184 340 216 1050 398 574 32 148 120 34 23 55
hsa-let-7f-1-3p 242 64 4 2 0 2 106 0 0 0 0 40 154 0 30 22 36 0 30 0 0 0 0 30 19 5 0 3 12 0 21 0 0 2 0 0 0 1 0 74 89 0 0 0 0 4 14 52 48 0 0 42 0 24 32 128 24 2 0 38 0 0 2 0 50 0 0 40 0 0 0 38 0 0 130 34 16 8 0 198 0 10 14 4 104 120 56 42 52 10 194 318 228 16 2 32
hsa-let-7f-5p 316844 582480 272370 125104 840858 515918 374854 206702 398226 395878 386974 1593206 213306 87560 706424 175214 181234 361562 420506 229576 126932 179066 679902 184922 178633 67239 106948 114898 251293 73394 515385 48841 102308 65801 128103 16814 239757 271031 119539 106364 171752 115388 198037 74290 125512 486434 236132 379842 419714 578406 265260 723582 169508 246862 273496 300148 190740 201518 2049720 204282 703028 217854 259042 62034 108542 541436 77108 181054 413038 256686 70624 355530 22662 482308 589814 239558 263438 223254 271710 306780 326526 355296 99166 364364 228980 840516 653742 207964 190384 218638 583972 668128 818602 192808 57123 50224
hsa-let-7g-5p 164824 825322 298108 107578 796216 702046 355182 302736 356838 1284694 644440 1104020 265094 48656 663296 134664 202882 542584 687180 242896 145728 210000 594436 181642 217725 110602 129913 187261 255158 104590 513477 34882 108028 50323 160384 14682 271187 330086 100258 128675 127475 89727 261717 104334 136760 435952 196056 379822 346484 703936 415900 942964 254720 256292 406700 295208 223824 152496 2377070 172820 697610 124202 93652 23206 108514 514360 99448 258732 449240 293074 53988 298936 19092 798716 581494 550072 567350 167416 308010 321006 302968 500100 70076 573996 303100 748772 716128 213376 320584 241192 348746 364868 647368 123548 40677 39314
hsa-let-7i-3p 352 3782 794 108 7020 4052 1046 1490 368 2514 1626 2432 492 22 2252 222 316 1262 596 896 430 500 1226 394 507 646 255 371 889 172 2507 84 414 96 203 17 1088 812 290 281 540 105 1468 362 886 880 592 514 790 2008 846 2518 1110 634 798 1788 582 232 13768 110 2796 16 74 70 448 3966 126 1530 1052 666 2 244 64 3142 910 2916 2128 128 1560 280 2390 2886 206 784 824 2578 2560 872 278 870 1412 702 1024 256 39 11
hsa-let-7i-5p 35318 184602 70210 12326 292056 219768 83876 70398 47596 163962 45790 245108 55906 11636 196354 28842 24566 80532 49554 33656 28614 23964 98332 46912 33141 48880 22943 35346 67396 17572 129167 7446 25857 9774 30393 4404 75868 46318 26470 23815 32930 11445 54602 34006 37876 114634 58848 85624 71306 210516 53310 312596 56364 41810 85068 75428 50490 30264 687170 22646 215982 19458 19350 6934 34912 253352 16440 72458 69308 53626 4128 30884 2024 104752 91030 106782 107566 32968 52068 39714 116866 178990 17834 73594 91846 162712 231630 57178 36134 85104 78378 72780 102050 15936 5800 4138
hsa-miR-1-3p 1128 186 870 218 332 266 500 312 162 62 68 4980 224 6 3114 38 346 22 246 20 124 114 12138 122 1218 18 94 40 1979 59 507 20 77 3 137 82 235 456 57 237 80 475 102 92 768 1244 8 1000 18 12 198 736 550 320 336 1132 262 786 9590 56 11564 360 1070 4 108 324 90 932 1966 532 4276 6138 82 25958 7282 92 112 24 58 24 490 1018 872 24 224 1220 108 96 54 824 10 16 24 4 3 3
hsa-miR-100-5p 32 326 12780 2196 272 530 238 16370 272 120 9384 620 8126 748 434 66 1808 50 2144 6262 262 30 536 4172 2938 2739 24 515 116 26 267 41 41 3978 391 2037 288 407 60 71 80 191 2461 1648 110 218 96 1312 316 184 11564 11994 154 3716 4802 14066 990 10 852 32 88 2360 524 356 780 496 1368 7948 306 48 4 88 50 56 2514 2734 3794 482 60 252 870 18460 150 114 12044 256 50148 10578 8246 34 3640 4134 2230 662 328 437
hsa-miR-101-3p 5998 107276 17570 9508 142154 127156 27860 30512 7478 46958 55440 148560 20080 4714 61832 12820 44368 83600 65036 23208 15840 21238 43586 21542 7444 8192 7318 10919 14779 6536 25552 1081 9041 2277 8132 2588 24741 38641 4262 18923 12453 14085 24176 7646 12342 31406 20360 15060 16562 73288 19356 123020 24852 27604 26692 49910 21152 12668 345246 26144 72946 7382 14026 1492 5922 91450 3204 16982 59886 26784 3180 27640 1390 93782 95986 74230 55246 6574 53792 6348 23932 35702 7978 52610 34646 43680 99862 16526 24572 6862 38228 40370 97716 16858 15099 6978
hsa-miR-103a-3p 105946 103110 22558 19902 133466 56818 38308 49736 51038 62912 51230 345364 27018 9994 68068 10402 33904 32166 40800 23216 16244 26064 314146 30434 23782 8943 8821 20326 30346 11339 63006 7478 15015 6245 22230 19400 24696 37823 15904 7198 16095 17207 15736 13886 21494 120896 28356 32204 49416 93734 45584 187104 44770 14720 27634 55086 54882 44912 217778 10446 99126 11690 50552 5884 21556 102060 13014 35128 93182 29976 4304 63884 2888 124250 69936 35100 37816 12794 32130 42630 32312 101396 19632 53674 19348 66412 67484 53774 14022 22466 279272 508774 714718 198474 147207 158736
hsa-miR-105-5p 32 670 6 0 26 14 6 0 0 46 2 2 26 18 112 0 80 12 4 4 2 0 4 0 21 17 8 20 10 63 0 0 0 1 0 49 169 0 0 27 46 22 1 8 0 6 0 6 2 0 4 2166 0 6 6 62 0 0 10 2 68 4 4 4 316 42 6 4 0 0 4 0 0 6 2 2 36 44 2 2 4 0 0 4 136 0 396 934 2 4 3552 4196 8198 2484 2123 1354
hsa-miR-106a-5p 8 114 102 142 272 88 0 0 58 160 92 680 10 52 278 2 64 226 86 18 2 24 448 32 133 55 11 30 48 43 230 26 34 35 37 70 48 117 65 50 46 220 205 6 18 330 16 106 198 662 136 366 114 32 106 56 94 122 566 0 464 10 82 8 108 244 70 240 116 0 2 46 0 170 244 94 0 6 42 110 4 178 26 28 4 40 814 4 0 0 3122 3656 6900 1816 1794 1776
hsa-miR-106b-3p 2106 5724 1012 1108 15570 3568 1486 688 3602 4088 2108 8496 1084 2562 8486 1640 2312 2562 3172 2050 1504 2166 3584 3272 1393 436 535 1879 1305 1369 4718 603 1241 342 393 544 1894 1645 1564 1309 1565 1392 2543 940 2260 2664 2142 5702 3018 6472 2620 6968 1330 1814 2084 2456 990 1388 19598 3412 16030 2564 1118 392 1720 3390 426 846 4968 2410 664 3976 74 16846 6402 1780 1468 1888 2252 3932 4184 1382 372 3446 1966 4844 8184 1598 1786 1350 22474 36518 42746 14254 9157 10042
hsa-miR-106b-5p 2416 28180 2958 1516 33902 6284 3118 4044 2590 12446 8148 21958 3484 2638 15300 1116 3266 4250 9422 3496 1112 3398 9256 3800 2460 912 1343 3546 3367 2121 10523 600 1920 460 774 696 2787 5583 1465 1589 2083 2102 3778 1398 4074 7224 2812 5330 5214 15214 4166 23202 3962 1316 2092 7246 3572 1652 53470 2848 35994 1822 3126 788 5076 8136 676 2020 5442 3272 1030 5282 196 29394 9714 4290 5098 2208 5510 4066 4996 3862 732 7588 4292 6770 24724 4734 1606 1838 75330 94890 133316 30602 20506 19121
hsa-miR-107 1116 13032 1162 1386 17132 11270 1204 6626 2184 5834 5668 6712 1812 1842 7924 1180 2364 7126 2364 3424 1302 2194 6930 3416 1639 1587 716 1191 2361 552 3972 391 965 410 667 694 2896 1205 1141 528 1761 1524 3050 998 1672 5010 2318 1348 3218 10886 4454 21448 3388 1322 2028 3616 2384 1458 12804 1658 10550 984 2414 256 1578 10074 672 4088 3238 2008 366 2562 166 9706 4784 6590 6644 2050 3044 3900 2846 6710 786 4618 5816 2916 4946 3204 868 1282 5964 10112 15810 4618 3306 4496
hsa-miR-10a-3p 102 0 26 54 2 18 134 0 342 28 0 192 50 18 2 140 2 0 8 40 6 4 202 160 61 93 7 5 1 0 12 0 0 0 18 9 16 11 0 11 0 45 1105 0 20 26 12 162 0 0 38 44 22 154 204 96 110 56 128 10 2 0 220 96 0 0 0 348 0 76 0 36 0 0 20 34 0 168 0 0 4 48 0 0 102 78 34 82 0 0 64 92 80 0 2 2
hsa-miR-10a-5p 2764 2082 9954 6138 1694 9978 3320 9164 9048 2088 296 9900 1126 2614 426 2188 2720 1478 696 1346 2984 312 19790 10522 4160 15065 662 673 607 75 520 441 661 19 2439 861 2230 2470 73 1405 182 3736 100614 404 308 3510 232 9778 698 384 4294 2246 3782 18282 19290 3446 18292 3616 7720 1650 458 754 14682 3098 368 5748 1268 101932 2652 6252 132 3866 136 708 4492 1654 2428 6222 1548 308 4332 5572 1220 1192 14124 1862 5354 3018 3600 454 6794 6766 1036 410 734 628
hsa-miR-10b-5p 238 2186 16024 5258 2564 23148 2494 5644 11620 3020 34 8856 1132 2596 338 3322 2542 130 466 380 3408 110 2708 16406 1049 912 747 835 584 52 405 223 467 7 3117 109 3269 3205 42 2082 317 4950 878 108 92 1762 380 12932 440 902 356 254 3968 26214 31508 1584 23796 938 13734 70 104 1008 14718 3730 408 7108 324 1032 1062 2006 86 4188 120 836 1862 2418 2680 4550 422 210 7156 662 240 782 7744 2056 2734 2200 3866 114 48 94 86 34 16 19
hsa-miR-1180-3p 4 56 70 66 3466 466 92 104 710 234 354 856 32 340 38 32 54 194 124 8 134 72 144 504 143 48 21 96 385 221 821 40 111 127 38 57 145 87 338 149 779 113 44 80 416 136 470 606 426 550 206 2400 58 2 94 36 32 46 840 84 216 10 30 68 616 102 2 202 150 44 12 164 2 232 362 66 66 28 54 160 612 22 2 36 286 580 178 344 126 0 860 1370 2456 478 686 919
hsa-miR-1185-2-3p 102 0 0 0 0 0 0 0 0 0 0 48 0 0 0 0 0 0 0 0 0 0 0 0 0 0 0 0 0 0 0 0 18 0 0 0 7 16 0 0 0 0 0 0 0 0 0 0 2 0 0 22 0 0 0 0 0 22 0 0 0 0 0 0 0 14 0 0 0 22 0 0 0 0 0 0 0 0 0 0 0 38 18 0 0 0 0 0 0 0 0 0 0 0 0 0
hsa-miR-1226-3p 8 0 0 0 92 38 0 2 0 0 56 44 0 0 42 0 0 0 0 0 56 0 244 0 5 1 0 4 15 0 18 1 1 27 0 0 14 16 4 0 15 0 0 0 60 0 8 44 44 30 86 4 38 0 0 44 30 0 2 2 128 0 0 0 0 52 0 0 0 0 0 0 0 2 20 0 0 0 122 70 0 56 4 0 2 0 26 4 0 2 134 76 258 56 98 0
hsa-miR-1228-3p 56 24 0 0 0 28 0 0 54 0 0 0 0 0 0 0 0 0 0 0 0 0 210 0 0 0 0 0 9 0 1 16 0 0 3 0 0 0 0 0 0 21 0 0 0 0 2 36 0 0 0 26 20 0 0 0 46 0 0 0 0 0 0 0 0 14 0 0 30 0 0 0 0 20 74 0 48 0 0 0 20 0 12 0 0 0 34 0 0 0 0 0 0 0 0 0
hsa-miR-1234-3p 2 0 0 0 0 0 0 0 0 0 20 0 0 0 66 0 0 0 0 0 0 0 0 0 0 0 0 0 0 5 0 1 14 0 0 0 0 0 8 0 0 0 0 4 0 16 0 0 28 0 0 26 0 2 0 0 0 0 48 2 40 14 0 0 30 0 0 36 16 0 0 0 0 52 72 12 0 0 10 0 0 0 0 0 0 12 48 56 0 0 0 0 116 74 14 43
hsa-miR-1246 2 2 24 42 668 82 52 0 6 0 0 0 18 0 30 18 2 6 14 4 110 12 0 0 42 0 0 19 46 10 831 97 61 0 0 0 0 0 13 16 4 6 1 0 4 0 2 14 0 0 0 2 32 4 10 0 0 2 424 0 8 0 130 0 10 34 10 4 0 0 0 12 2 14 0 2 38 8 30 8 86 2 0 0 16 52 22 12 4 4 7256 7918 5244 1360 2279 3300
hsa-miR-1248 1322 1070 2712 5054 4038 9166 5442 764 440 3838 2720 20108 10672 18 74384 306 1946 9642 1398 12638 9800 1010 678 2046 23451 475 1823 259 1301 1260 1825 708 1621 405 871 2367 4809 1437 370 825 12232 5564 372 448 2038 20862 4090 2646 15644 8328 1660 67648 2838 32834 26088 2596 924 428 8120 944 50216 810 1024 322 1660 1220 5318 6498 410 2962 110 626 152 3620 1860 6356 16360 13458 2452 3296 3896 3652 662 16204 5794 30576 8466 6356 400 2754 134 220 696 186 207 125
hsa-miR-1249-3p 370 114 94 192 176 80 180 198 218 358 132 784 70 92 240 36 122 52 144 188 160 198 1278 50 70 29 30 82 62 256 380 75 100 3 84 87 49 74 120 3 32 125 30 54 174 526 322 136 262 150 8 356 108 26 88 72 456 44 518 54 194 62 306 80 58 190 318 158 768 190 108 508 16 550 26 74 126 2 156 366 518 72 66 248 70 224 316 84 0 74 1458 2064 620 344 153 137
hsa-miR-1250-5p 2 0 0 138 0 0 0 0 0 0 0 0 0 0 0 0 0 0 0 0 0 0 0 0 0 0 0 7 0 0 0 0 0 0 4 0 0 0 0 0 0 0 0 0 0 0 0 0 0 0 64 0 0 0 0 0 0 0 0 0 0 0 0 0 0 40 0 0 44 0 0 0 0 0 0 0 0 0 0 0 0 0 0 0 0 0 0 0 0 0 0 0 0 0 0 0
hsa-miR-1254 64 50 38 0 52 96 14 0 2 0 170 130 2 0 60 28 0 52 0 26 0 0 28 36 51 0 0 20 0 0 103 0 0 0 16 20 14 54 0 29 34 0 39 0 14 56 12 102 0 144 0 100 16 0 0 0 14 64 68 0 356 0 0 0 0 28 0 86 24 0 0 18 0 2 0 60 34 0 0 8 0 118 0 12 0 0 0 68 0 0 160 398 74 130 309 40
hsa-miR-1255a 40 0 2 0 76 10 0 0 142 10 0 30 0 0 22 0 10 0 2 2 0 0 168 0 13 0 0 1 1 0 29 0 0 0 0 11 0 17 8 0 27 0 0 2 0 0 0 14 12 0 30 86 28 0 0 18 0 0 342 0 10 0 0 0 0 0 0 0 0 0 18 0 0 38 56 16 0 0 34 4 86 2 0 0 0 0 0 40 0 62 132 164 178 44 0 27
hsa-miR-125a-3p 72 0 146 0 0 34 0 0 66 12 0 154 0 0 10 0 0 0 0 0 0 0 0 0 0 0 8 4 15 1 13 0 0 12 1 19 0 0 18 0 0 26 0 0 0 0 158 0 108 0 66 156 6 0 0 0 10 0 0 0 0 2 242 4 0 0 0 0 62 14 0 46 2 0 2 0 14 0 0 442 0 0 0 2 0 0 0 26 0 42 0 2 0 0 0 2
hsa-miR-125a-5p 19216 2196 60394 10642 4014 21954 10376 9028 45686 22774 192 25566 3096 5852 654 6862 6106 462 988 1984 7186 2150 30322 39368 2099 1554 1316 1668 32824 381 3839 1206 1099 6514 6985 2470 4343 5786 15790 2257 580 5553 991 824 1172 4312 54548 38732 24898 1268 13714 33208 8870 18772 40904 5492 38322 11040 21580 656 1674 1344 19484 5356 506 10508 3558 4424 13166 3686 508 16058 672 1890 9564 4318 5098 2884 662 70080 8418 5838 3508 1530 5990 3546 2886 8450 9654 2380 76 254 464 50 135 52
hsa-miR-125b-2-3p 266 280 512 4 1154 138 2 282 10 8 70 1580 274 6 3132 18 0 8 506 42 154 6 10 184 20 237 1 11 282 98 1 82 82 146 2 0 220 1 297 94 339 18 983 196 240 198 158 588 364 1396 2 2248 20 8 88 162 166 8 46 12 2474 746 74 0 72 710 6 0 234 14 180 516 6 1626 2 0 8 180 8 328 656 10 0 6 90 1908 1358 12 32 786 3236 3462 5066 1496 1488 1358
hsa-miR-125b-5p 21148 37918 46078 4298 120562 8648 2178 33442 24484 1824 23352 111014 35736 2462 149826 986 2340 482 52968 15094 2788 334 2836 36248 4176 27310 326 892 29933 6798 1518 5821 15876 9191 1809 1804 31163 1441 21289 17673 19882 1322 98465 17926 36162 14166 30250 58604 35588 143402 13378 203172 3550 6570 12264 22416 9144 378 8806 224 158076 26996 4118 1594 3442 93758 3778 6884 36656 12358 7308 24574 666 207348 5748 3320 3866 9494 794 22434 83740 22056 390 974 23128 142486 100076 6128 8654 36408 32348 48062 44658 13342 14803 14092
hsa-miR-126-3p 25406 7642 43928 23484 7848 48072 24978 26322 18778 13022 942 177508 8008 6168 6536 7164 32054 472 6026 1038 29448 924 104922 34392 4089 2747 3619 5253 6584 801 9210 2059 6128 82 16879 2342 19320 30544 901 9128 815 13253 1044 7580 1358 29288 744 33522 1474 2714 6252 40132 17796 54266 80876 72586 74166 42154 25608 2416 1854 1620 43846 3782 1804 35170 2846 21024 54200 24298 644 38422 264 9992 51880 11622 10152 12150 1532 2138 7986 54374 24038 2508 33960 18346 6848 17524 12326 5184 158 242 298 80 48 65
hsa-miR-126-5p 2298 578 2004 1484 814 2614 1820 1402 1198 972 64 18170 554 252 1150 494 3358 76 360 162 2958 52 12328 1734 319 168 148 393 713 34 1347 92 386 10 837 210 1240 2796 83 526 80 907 61 420 140 4844 38 1038 126 284 604 4232 1706 2942 4898 6740 3626 3348 1738 182 358 64 4330 284 30 3252 166 1722 6730 2094 2 3262 2 984 5390 450 668 792 332 112 246 4418 1824 102 1398 1314 614 1472 638 452 8 6 52 8 7 5
hsa-miR-1260a 46 86 8 2 102 30 12 28 102 20 82 108 8 8 48 12 4 70 20 46 6 52 30 42 14 41 1 33 9 26 71 2 2 9 18 15 24 46 15 7 18 6 13 2 26 44 28 102 40 18 28 48 48 80 24 2 42 38 90 8 66 74 4 44 8 46 4 24 48 20 0 10 6 46 74 14 16 8 60 48 48 38 0 98 14 28 90 184 12 38 10 36 4 4 10 2
hsa-miR-1260b 3058 6328 496 244 16574 1976 1348 688 10230 642 1338 9106 928 96 1412 1226 264 186 1566 8346 736 5278 3602 1366 3279 508 544 1896 369 728 1303 331 431 278 281 468 154 466 106 420 342 487 1336 198 1762 3010 352 4796 248 3880 1438 978 2504 664 1176 1176 2210 760 14692 416 6252 1808 734 1144 162 1822 472 1762 1206 934 50 3760 366 3500 3228 494 770 652 4342 304 2670 4208 174 1622 5682 2674 856 2158 460 3482 2590 3514 1184 390 613 1179
hsa-miR-1268b 56 92 140 0 38 40 58 0 108 0 2 0 70 2 22 90 0 654 2 0 0 906 102 0 2 61 0 13 100 20 151 1 0 34 7 0 22 0 0 0 0 31 0 0 180 76 0 0 20 34 0 124 344 0 0 24 6 0 0 0 12 0 0 0 16 70 22 80 2 6 0 0 42 318 14 0 28 148 2 102 0 22 2 34 100 70 220 0 0 0 1952 2910 0 1146 43 197
hsa-miR-1269b 128 2194 0 252 0 0 0 0 0 2 0 2 0 0 0 106 0 2 74 0 96 0 0 0 1 0 0 329 0 1 0 0 0 1 14 57 171 0 0 5 0 0 0 0 0 66 0 0 24 2 0 0 0 0 0 2 0 0 188 14 2 0 2 0 674 0 0 0 2 0 0 138 14 0 2 2 0 0 0 0 0 4 0 0 48 160 2 0 0 2 0 58 0 0 23 0
hsa-miR-127-3p 330 26 46 0 0 10 0 0 0 2 0 158 32 0 66 0 42 0 0 0 86 0 418 176 12 0 15 17 0 0 31 5 22 0 22 8 17 106 0 0 0 12 0 6 0 96 0 68 0 0 0 274 38 64 26 20 10 28 0 2 20 0 56 30 0 50 0 86 18 0 0 52 0 68 94 0 4 0 0 0 58 250 28 2 0 52 88 108 0 26 0 0 0 0 2 0
hsa-miR-1271-5p 142 96 28 0 46 0 64 140 134 46 284 148 76 0 56 40 2 6 6 0 66 20 196 58 47 13 6 5 29 22 17 11 32 29 12 25 12 87 19 0 0 21 25 0 42 62 58 306 34 158 0 6 14 0 26 58 24 66 392 0 60 2 0 0 20 24 0 0 104 54 0 0 0 152 116 38 24 118 74 76 176 112 0 0 0 158 120 38 0 32 0 4 0 22 0 0
hsa-miR-1273d 4 0 0 0 40 0 0 0 0 0 0 0 0 0 0 0 0 0 0 0 0 0 66 0 0 0 0 0 0 0 0 0 0 0 0 0 0 0 0 0 0 1 0 0 0 0 0 0 0 0 2 18 0 0 0 0 0 0 0 0 0 0 0 0 0 0 0 0 0 0 0 0 0 0 0 0 0 0 0 0 0 0 0 0 0 0 0 0 0 0 84 0 58 44 0 39
hsa-miR-1273h-3p 146 8 0 10 98 22 48 8 108 160 2 328 0 0 150 2 44 0 10 2 62 0 236 2 12 15 2 44 18 0 34 0 0 0 25 18 33 7 52 35 57 36 14 0 44 114 0 0 2 106 28 8 12 0 0 72 12 54 200 0 158 0 0 0 0 70 0 0 86 0 0 82 0 144 0 8 44 0 34 34 46 6 10 0 46 44 0 86 2 42 410 372 212 92 0 22
hsa-miR-1275 326 98 106 2732 6128 4010 162 1674 694 432 1514 4750 678 30 742 1378 178 26252 42 8244 126 950 2192 264 1485 83 71 437 920 225 295 151 230 328 431 152 530 103 387 141 225 612 457 148 504 716 402 2768 518 3706 2384 3464 5074 404 690 606 612 424 6566 76 1250 380 146 236 80 6112 4196 2370 1346 710 230 170 200 5870 886 1318 2112 88 682 140 684 2886 390 1048 530 978 1034 540 2478 686 660 566 660 308 273 347
hsa-miR-1277-5p 40 0 0 0 0 0 0 32 0 18 0 78 0 0 16 0 0 20 4 0 0 16 46 0 4 0 0 0 4 0 5 0 0 0 0 0 8 8 6 0 0 1 0 0 20 28 0 0 26 0 0 106 0 0 0 18 16 0 248 0 46 0 24 0 0 90 0 0 22 0 0 0 0 24 0 0 92 0 22 0 0 18 0 8 92 20 70 54 2 26 34 38 52 0 26 0
hsa-miR-128-3p 5540 7690 1912 1610 12160 3926 3638 1830 2578 7088 3404 29662 1860 1096 8936 1114 2832 2252 5486 2632 1918 1774 16002 2378 5306 838 729 1786 4049 1717 4634 751 1840 558 1705 1016 1709 3386 2039 983 2194 1281 1972 918 2454 7184 2706 4622 3854 10320 2960 7952 3364 2014 3020 3914 2692 2534 47254 1516 8716 2498 2320 296 2942 8400 562 1864 7678 2722 164 4176 144 7072 9096 2056 2662 1450 2840 3184 4148 5492 1394 3528 1414 7432 18156 4598 1900 2230 52136 57892 150932 40942 22038 27935
hsa-miR-1287-5p 2 132 30 4 254 0 0 2 90 2 0 92 38 32 104 0 60 0 0 58 0 0 2 0 11 16 1 53 16 66 210 0 7 0 7 32 1 0 29 31 37 0 27 12 0 0 8 50 88 248 0 66 4 0 0 6 0 0 2 12 140 58 0 0 2 6 2 0 84 0 0 74 0 78 4 0 60 0 0 0 0 54 0 52 0 154 0 32 0 0 84 58 66 24 4 71
hsa-miR-129-1-3p 54 86 0 2 50 2 0 0 0 26 18 28 0 0 42 0 30 0 10 0 0 0 0 0 9 1 0 5 20 0 0 8 23 0 0 0 24 149 0 0 1 0 3 28 2 0 0 0 48 0 144 90 220 0 22 0 14 14 72 0 0 0 0 0 0 36 0 0 130 2 0 0 0 0 0 376 200 34 112 0 0 82 30 0 0 2 168 48 2 0 38 0 118 4 47 47
hsa-miR-129-5p 196 8 0 0 26 2 0 0 0 80 200 0 6 2 40 0 16 84 30 0 2 14 28 0 105 1 13 19 5 0 10 0 30 8 6 6 9 47 3 0 1 0 91 8 0 0 0 0 68 0 122 336 220 2 34 0 0 0 2 0 36 0 0 2 0 46 2 0 188 0 0 0 0 70 0 254 242 0 90 78 0 52 0 26 110 58 258 82 2 18 106 48 398 144 557 337
hsa-miR-1291 340 2170 282 258 1278 1826 642 772 374 804 1292 1824 950 42 1752 314 118 1438 284 2058 122 2384 328 518 684 244 194 444 393 226 1506 58 159 267 154 398 604 209 428 118 784 72 292 64 1262 3508 444 322 766 1078 574 2966 796 262 152 218 272 194 1994 164 3660 32 12 156 926 728 452 1308 84 254 0 180 82 1920 350 836 952 602 1148 588 934 414 6 1098 572 1808 1264 1996 54 148 174 590 314 174 208 106
hsa-miR-1292-5p 2 122 14 4 132 146 0 16 172 74 68 86 16 0 94 0 0 92 50 82 64 48 6 6 33 40 45 2 21 3 24 53 50 33 13 31 5 0 77 16 0 0 51 30 46 32 112 12 154 146 154 270 110 0 6 6 14 0 204 42 204 0 0 0 0 36 0 78 46 26 0 0 0 440 0 48 14 0 86 2 40 10 4 0 0 160 6 286 0 32 404 636 1352 398 284 505
hsa-miR-1296-5p 106 0 0 0 70 0 0 0 0 2 0 86 0 0 20 0 76 0 0 0 102 0 0 0 0 10 4 0 17 0 0 0 0 0 4 0 21 14 0 0 34 0 0 0 0 34 0 76 0 10 2 20 0 26 74 0 96 0 2 0 38 0 0 0 0 2 0 0 20 0 0 0 0 0 0 0 0 0 0 0 40 38 0 0 2 0 14 0 0 0 162 674 954 216 565 332
hsa-miR-1301-3p 2902 1176 788 818 6918 2230 720 556 4158 1124 1468 6240 514 872 1448 300 396 854 224 534 268 926 6612 286 802 276 221 684 543 295 1772 244 249 495 386 451 532 734 983 365 1329 203 592 138 718 1018 1662 1234 2056 3264 2092 4658 710 482 636 462 768 1232 5776 192 2996 220 878 260 1726 1576 212 694 2348 736 206 1230 148 2352 1414 378 462 440 812 1092 1596 1594 414 862 706 2312 1396 2344 254 828 2868 3452 2916 1368 1105 1173
hsa-miR-1303 10 286 0 0 540 4 44 24 46 46 2 434 22 42 24 0 8 12 178 12 158 42 204 332 55 5 37 16 0 3 53 2 64 0 35 4 0 10 7 28 63 21 29 4 50 0 48 0 0 0 2 74 26 4 2 156 38 0 144 44 114 0 28 0 4 286 2 0 0 0 60 110 0 64 30 76 0 0 142 168 206 32 0 104 0 340 4 166 0 118 120 380 9232 254 18 165
hsa-miR-1304-5p 2 50 0 0 42 2 4 100 4 0 2 136 30 0 38 26 16 96 2 22 2 0 16 0 32 16 1 34 11 4 16 0 6 0 0 21 14 2 0 28 38 23 148 2 0 66 0 62 0 82 56 224 32 2 0 2 4 0 128 28 112 2 0 0 2 50 2 32 6 2 0 48 0 18 156 36 94 42 0 50 0 78 26 0 118 88 106 2 0 0 1066 1658 1740 302 351 203
hsa-miR-1306-5p 732 120 4 70 366 36 58 0 286 294 86 496 86 26 130 20 80 48 14 30 34 36 662 60 39 7 45 50 30 24 142 11 26 3 19 81 65 25 215 6 43 31 21 4 86 12 108 56 144 240 76 84 58 42 4 54 64 158 568 36 314 6 0 82 50 134 76 110 290 26 4 286 0 46 62 0 78 0 32 0 126 124 16 50 78 88 50 64 6 218 638 1524 996 608 94 253
hsa-miR-1307-3p 1456 412 260 356 3026 310 412 234 876 714 524 1888 118 108 1572 36 488 208 162 240 428 254 2270 620 328 143 61 228 605 76 1208 45 221 155 110 176 436 244 310 226 309 292 604 132 502 818 422 312 1384 1010 452 2424 266 286 572 426 344 494 4136 162 4126 222 690 24 112 1154 334 80 934 94 208 1040 16 2526 576 210 154 236 100 330 310 512 220 348 526 862 898 916 108 188 2590 5312 10460 3974 2193 2659
hsa-miR-130a-3p 112 32 86 174 0 256 52 336 0 106 16 1230 2 0 94 50 6 44 56 210 310 18 444 72 30 8 8 14 36 0 82 1 24 0 77 46 22 90 1 0 0 37 1 40 0 294 12 282 10 674 46 412 0 142 268 190 302 26 442 0 80 0 60 80 2 18 0 146 302 90 0 92 0 14 188 100 78 70 28 2 2 306 42 2 416 2 222 40 0 0 0 0 126 0 0 0
hsa-miR-130b-3p 424 3048 270 458 4250 1696 676 866 420 2438 1294 3110 168 440 1984 1074 444 1874 352 534 268 396 706 722 248 255 264 511 790 269 5818 124 226 72 298 242 756 615 330 83 438 122 1113 280 484 480 808 1562 846 2460 1376 3066 364 110 540 864 392 250 11154 450 5254 666 408 148 1292 1866 212 250 774 754 252 1140 36 1846 1080 880 956 276 232 206 1186 1036 278 270 2006 7200 2730 720 384 750 8534 13884 23910 8926 5241 5123
hsa-miR-130b-5p 3200 1350 424 762 4276 722 1204 438 830 1102 1118 5058 218 542 2826 234 696 1020 666 632 560 424 5300 438 604 86 382 576 995 300 2428 308 219 214 590 226 699 757 877 292 676 269 257 236 760 796 444 674 1138 1048 1486 2070 562 314 602 1326 810 1612 13384 334 3082 662 842 156 770 1810 406 674 1870 744 194 2338 34 1148 2356 298 554 276 352 912 1150 1286 518 422 718 6072 2774 1280 1098 1066 28700 40406 44792 12908 8868 10608
hsa-miR-132-3p 48 384 496 126 178 570 264 424 16 3112 190 1604 240 192 332 572 142 168 286 104 52 280 288 264 102 68 116 31 438 74 117 14 19 41 132 175 335 2089 196 12 85 86 389 72 80 648 110 226 236 334 104 1446 314 188 412 388 552 140 828 184 1206 2 178 2 228 670 4 274 610 260 58 166 6 10616 658 474 544 106 818 102 110 338 116 218 742 288 1738 434 406 204 766 562 3568 764 727 1052
hsa-miR-132-5p 84 148 146 28 92 144 52 80 56 598 102 288 92 32 54 24 40 6 132 0 106 32 76 36 1 16 0 17 25 13 37 0 12 0 18 3 63 307 23 2 11 69 82 26 12 96 42 92 28 14 156 208 54 96 50 76 86 0 370 60 178 0 62 0 84 350 2 130 128 58 0 0 0 1786 112 134 132 48 200 44 76 182 0 104 4 122 480 218 2 24 54 340 650 106 39 115
hsa-miR-1322 2 0 0 0 0 2 0 0 0 0 0 0 0 0 2 0 0 2 0 0 0 0 0 0 0 0 0 0 0 0 0 0 0 0 0 0 0 11 0 0 0 0 14 0 4 22 0 0 0 0 0 40 2 2 48 12 0 0 246 0 0 0 0 0 0 0 0 0 0 0 0 0 0 64 0 0 0 0 0 38 28 0 0 0 0 0 44 0 0 0 320 114 354 0 34 31
hsa-miR-134-5p 1114 18 0 238 128 0 0 110 2 8 0 324 114 0 6 0 56 0 0 2 160 22 742 10 2 7 0 0 0 0 66 8 17 0 6 33 23 46 1 9 0 32 1 40 26 86 0 0 38 0 0 204 32 88 54 30 36 484 2 0 2 0 0 0 0 284 0 218 2 18 0 260 0 6 68 2 24 0 0 62 0 274 130 0 2 116 0 48 2 50 0 0 0 0 0 0
hsa-miR-1343-3p 46 0 0 0 18 2 0 2 0 0 0 178 6 0 0 0 0 10 0 0 0 0 52 46 0 0 0 0 0 0 9 0 0 0 8 21 0 10 0 0 0 0 17 0 8 0 2 0 0 50 0 10 2 0 0 0 14 0 42 0 10 0 0 0 0 10 2 22 0 0 0 24 0 0 36 18 10 2 0 0 0 38 0 6 0 130 0 0 0 0 60 338 334 98 16 91
hsa-miR-136-3p 132 0 0 72 0 0 0 28 0 0 0 238 0 0 0 2 0 0 0 0 0 0 114 126 1 0 0 0 20 8 8 0 9 0 7 0 8 132 0 0 0 0 0 4 0 44 2 0 0 0 0 196 66 0 64 52 26 12 0 0 0 0 0 0 0 242 0 76 0 2 0 114 0 0 56 0 0 0 0 0 0 190 14 0 0 76 40 22 0 0 0 0 0 2 0 0
hsa-miR-138-1-3p 64 62 514 80 186 898 144 300 2 0 26 0 68 4 790 40 42 652 4 404 2 204 186 0 14 36 0 0 1 6 21 2 1 0 27 5 0 32 35 0 2 0 211 2 0 100 0 0 34 4 346 2 134 152 356 96 62 78 18 8 524 84 0 0 0 560 184 2 2 14 44 60 0 756 0 266 492 60 254 2 0 30 0 118 334 54 340 2 0 98 1514 1360 3056 970 332 842
hsa-miR-138-5p 376 2804 6544 1334 590 3698 1040 1112 12 2390 226 4 188 16 9218 86 1058 7812 128 2512 18 1732 4684 140 8 896 1 3 1 94 112 7 5 29 218 154 48 864 420 8 18 350 1048 230 10 3456 40 76 536 6 1718 100 1852 1608 2656 2004 594 272 116 302 5986 856 32 298 34 3580 244 170 4 862 208 2362 28 9748 84 2360 2738 468 3510 82 172 640 2 1968 758 674 5970 26 226 422 10754 14042 22768 7486 4340 4652
hsa-miR-139-3p 50 2 146 90 0 204 0 28 62 2 2 178 0 0 0 8 10 0 4 24 78 0 124 92 17 7 0 6 1 2 101 0 15 0 46 19 47 9 3 0 0 37 46 0 0 22 0 262 50 6 14 4 104 208 34 0 398 60 0 2 26 0 44 92 0 58 2 118 58 0 0 0 0 0 2 2 0 10 22 0 18 24 0 18 30 0 2 108 66 16 0 0 0 0 4 54
hsa-miR-139-5p 2788 266 2140 1668 168 3330 1296 1450 1564 990 82 9068 352 326 356 482 280 88 478 198 1148 60 5272 1974 480 295 242 566 587 68 830 180 231 36 891 241 547 1351 111 546 33 582 72 248 2 1254 76 2298 346 94 1040 846 1640 2122 4434 654 8094 2522 1580 130 192 64 2362 432 68 2666 192 2222 2868 950 0 1820 4 624 2454 404 544 1268 184 362 478 1942 888 140 1810 1310 972 1814 1290 440 186 316 750 170 373 256
hsa-miR-140-3p 3334 21260 5182 2700 44636 20358 6260 11100 7372 3868 8090 33872 11032 1918 36552 2956 4950 18838 11904 8708 9850 4384 16118 5478 6461 3351 334 4764 3047 4013 1487 1312 4784 180 2046 1430 4403 3162 2002 2537 2276 2523 10178 1330 3754 27360 7646 12996 4572 18628 2232 40210 6300 6056 9182 8308 8158 2220 77284 1158 14116 1900 2422 458 2714 27934 872 7928 3954 5706 940 5762 240 20880 11306 12338 12886 6094 6304 3432 16638 8910 2102 8352 12902 24264 37300 4244 1456 5540 17322 30842 24320 7590 9499 8746
hsa-miR-140-5p 268 848 308 50 2744 1056 708 592 434 352 224 5662 532 36 710 86 402 374 822 128 316 274 1080 338 336 133 42 573 526 348 167 68 700 2 334 86 313 572 145 143 33 103 375 176 220 1270 262 428 342 1882 82 2028 390 8 628 380 574 376 11108 0 906 124 290 14 274 1030 338 406 540 570 0 394 42 608 536 260 658 152 330 8 432 854 80 410 498 2060 1688 198 70 582 2488 1770 5476 780 977 331
hsa-miR-142-3p 1900 27042 3844 684 21998 16090 4750 9890 1718 7932 5214 25696 2942 1226 12962 506 13078 7624 8764 2644 2250 3944 13010 1870 2579 1454 1358 2457 5090 2479 9365 196 1988 1571 2489 764 4565 8882 1969 2304 1979 3113 1928 2146 2568 16018 10304 2742 8166 11722 2614 58840 4924 1170 1960 8750 6434 3522 44486 3144 12344 1410 8726 768 5498 13048 770 3160 6174 4872 318 6922 548 8320 14964 5214 6586 1422 5282 2562 7150 7278 1354 9058 8456 10950 29892 8662 590 2878 27394 25014 82764 10132 21395 6893
hsa-miR-142-5p 6420 136898 15590 4822 84686 60656 31640 34472 14362 44704 20770 73364 10452 2618 73362 6698 20258 22092 41748 11782 12982 13374 28180 15384 7728 6114 8654 7638 24992 6465 41390 2221 9680 2783 5859 2645 26713 41437 4335 12080 6756 6074 8111 7674 7076 34150 27186 25474 20868 26546 29112 142508 13606 10106 18392 36062 16716 11480 170778 20836 48590 7094 12078 2448 21974 36786 5858 16462 28968 26818 1716 24434 694 72336 77490 37328 32744 16698 17230 13338 28354 25984 4492 29374 47380 83294 165478 46918 13282 11508 36624 30872 104150 17776 24504 14825
hsa-miR-143-3p 1584 7714 50544 6672 6076 58846 14538 27204 16106 11522 560 65432 2888 9584 1416 3048 14004 244 5944 916 5468 306 31008 23890 2923 3761 2332 3197 4481 1308 3083 672 2302 38 12098 477 12629 19657 277 4668 724 8855 792 1498 850 8802 2414 27662 984 2148 1692 9312 16594 37798 55802 7744 66628 9908 34452 800 988 1156 25008 10054 1064 21260 4098 3380 11700 8558 898 6082 214 4478 20372 20880 16130 11758 1030 284 12518 15224 3414 5480 20848 8882 7458 6174 6742 1198 188 218 238 88 170 37
hsa-miR-143-5p 60 2 0 0 0 22 34 0 0 6 2 76 0 20 0 0 56 0 0 2 0 0 0 36 0 0 1 0 0 0 8 0 0 0 17 0 10 13 0 15 0 35 0 0 2 0 0 0 2 0 0 0 0 66 106 0 42 0 0 0 0 0 22 0 0 54 0 0 0 0 0 44 0 20 52 8 2 52 0 0 0 0 0 24 0 0 0 2 44 0 0 0 0 0 0 0
hsa-miR-144-5p 262 142 348 332 42 1602 850 298 758 1792 196 1958 46 136 1010 0 1426 64 360 2 324 6 1088 1924 193 89 86 147 156 57 106 0 582 1 238 225 826 773 250 204 1 707 12 218 44 778 52 1858 10 70 816 580 244 200 986 810 262 826 1264 16 192 22 456 126 4 226 80 188 1718 1288 108 344 2 272 9694 800 872 138 40 0 120 852 206 282 1076 338 908 6 52 252 2 78 12 0 79 0
hsa-miR-145-3p 110 184 396 304 64 674 174 326 1198 316 6 1716 92 254 6 280 230 8 106 2 200 0 268 804 31 52 51 57 135 8 126 127 2 0 219 49 181 197 21 93 0 182 142 20 24 114 44 1272 48 38 2 136 316 602 1240 152 1246 74 728 28 14 80 616 308 2 444 0 30 346 214 88 270 2 42 542 294 352 190 0 4 272 194 92 102 228 124 156 108 404 4 0 0 0 2 0 2
hsa-miR-145-5p 894 456 2562 816 312 2942 424 1180 3042 1092 68 6526 52 576 186 406 646 60 160 92 546 26 4800 2442 146 128 140 193 129 35 383 60 169 9 501 130 675 690 100 265 44 785 180 26 358 1808 134 1766 136 114 246 1144 1564 3792 4704 348 5298 838 1506 32 80 28 902 894 58 1520 622 400 564 436 146 958 82 258 560 944 1002 2070 220 12 702 1030 144 474 316 582 566 376 68 138 4 10 6 10 115 5
hsa-miR-1468-5p 74 158 84 0 760 132 110 44 396 68 254 372 18 36 272 24 44 130 184 108 54 192 138 0 156 41 11 50 101 42 46 18 23 19 77 24 32 163 39 83 199 1 40 0 30 250 250 126 162 220 144 178 146 76 138 102 68 30 3590 304 194 184 32 0 0 176 0 0 276 146 0 332 36 392 48 80 168 50 198 158 270 136 0 396 144 348 76 246 80 110 116 148 118 68 0 156
hsa-miR-146a-3p 46 0 0 0 0 0 0 0 0 2 0 162 30 0 0 0 0 0 0 0 0 0 330 2 1 1 0 12 0 0 0 0 1 0 2 0 0 41 0 0 1 0 65 0 8 20 0 0 0 16 62 0 0 0 0 116 6 0 94 0 0 0 0 0 0 0 0 0 0 0 0 96 0 0 0 0 0 0 18 2 0 112 0 0 2 64 20 2 0 66 0 0 0 0 2 0
hsa-miR-146a-5p 14108 301982 3074 12896 257304 101508 14200 63860 28284 50956 40158 31972 36004 2442 115108 15470 45990 86878 78904 8112 37886 642 114376 34252 13870 71551 7115 32877 2082 678 2789 1364 4558 151 18660 1264 372558 13258 637 31995 1253 7396 23142 3824 1814 32348 866 7468 17420 25244 57494 33132 18286 59172 90584 41088 10012 28110 33266 1434 178122 5292 10288 8408 10544 150602 8424 21056 53250 10234 4764 23518 758 77736 41414 90494 76998 18482 38504 26544 3740 54178 18274 54838 55326 24220 14062 38374 2408 20226 312 330 1212 428 411 140
hsa-miR-146b-5p 6352 2068 8170 3206 2482 14430 9210 11554 6618 11536 712 35850 4108 588 4182 2164 9274 2818 4796 2084 3694 880 21034 7440 1405 1822 1972 3278 2491 242 4945 605 1594 286 4059 934 2786 8272 1084 2986 692 2513 1744 2450 2426 23552 814 17954 1152 5672 8198 10462 5148 8604 13982 8216 16568 8906 57406 1436 3978 818 10826 1908 726 10122 3620 7026 23490 5356 822 7786 580 3026 18218 3432 3080 3448 1216 398 5834 13522 2750 1880 18416 7036 18500 4596 2436 3850 5364 7338 6828 1314 1551 1091
hsa-miR-148a-3p 147804 2636568 770570 96302 3197330 877612 389344 301926 227150 681882 570940 2224738 755714 64050 1346912 118104 247918 886280 1567618 425710 201396 564210 421746 196676 204624 233055 140358 211040 480393 149635 440284 29109 123806 102298 116861 41807 209722 463343 104567 174195 170521 63082 213199 100768 347338 1005332 792072 242716 405502 551370 310236 1507832 458596 354786 528120 606370 159706 75186 5214636 380110 774536 128634 38690 20166 274420 1197686 33636 135956 248922 372410 34062 379638 27684 1731142 374798 520394 667426 143410 863560 326946 745348 307218 33308 1157478 429792 1323030 1233620 280528 219862 195744 991280 1198666 5542968 944826 746922 457188
hsa-miR-148a-5p 874 23162 5106 1014 14204 5550 1822 3088 1740 3176 5240 9246 4432 358 9650 948 1054 6196 7440 4892 1436 3612 5096 1854 1203 1214 1197 986 2660 856 2942 252 956 765 597 336 1210 1902 1067 812 1835 298 2094 506 1898 6224 5318 1180 2316 3144 2462 11824 2308 1454 3188 4946 1068 462 28016 2292 5550 522 236 30 3042 8720 266 1398 1564 2392 24 2416 110 10276 1616 4624 5596 1102 4736 3512 4206 2480 196 4246 2324 7276 6428 3058 1840 894 48066 55002 195574 38772 30761 19714
hsa-miR-148b-3p 2312 11918 2956 744 23824 6478 3390 2530 7344 7888 4894 11188 2338 698 15306 1502 2270 3572 3876 2304 2212 3754 6474 3724 2123 1097 1290 1941 3969 887 17859 760 1505 659 639 678 2475 3580 2682 1159 3752 795 1944 878 4348 7552 5596 5746 4958 9036 3050 28310 2090 2478 2798 3782 1908 1194 42302 1954 13998 1138 1108 174 1330 7494 512 1884 4536 2906 230 3306 76 26072 7388 2170 2458 1804 2492 6134 7454 3426 1040 2738 3124 11218 7384 5058 886 1384 4846 7618 14994 2922 3830 3561
hsa-miR-148b-5p 2 378 96 56 744 496 2 290 86 206 102 784 118 2 268 0 74 240 102 78 0 54 314 80 93 60 98 62 196 72 561 3 107 38 39 4 217 110 77 75 79 17 52 56 106 282 156 66 44 344 0 924 60 226 198 186 52 0 2128 174 340 24 0 4 330 374 2 142 264 154 6 0 0 340 216 158 254 74 26 4 228 302 40 122 232 296 534 52 2 24 86 136 634 138 211 51
hsa-miR-150-3p 44 2932 68 246 5488 512 296 814 1156 4586 1566 468 84 62 4424 362 60 290 956 824 4 46 538 170 452 62 1135 307 185 26 581 85 115 106 41 117 639 455 422 61 805 75 899 52 186 112 580 204 1030 298 1920 628 688 548 598 232 106 86 1122 12 5554 2916 86 78 654 1432 318 180 1456 322 182 1770 34 5536 768 808 1260 62 750 516 186 400 18 186 122 426 1300 406 652 772 1826 2724 738 278 357 58
hsa-miR-150-5p 20658 450118 8088 14408 198028 77724 80392 37738 96540 997724 362072 127136 17828 4708 626922 11986 52606 49304 97850 33522 13690 3392 60988 30234 71744 8696 206792 57144 56605 1758 82839 9514 22125 2714 5849 7528 117898 267025 45349 35157 30781 14548 122654 15792 29844 63426 41854 38656 102820 26230 130214 159208 42282 31954 53726 44554 29930 26070 319032 11096 810418 352684 17060 8154 12378 100822 14732 41770 482226 32234 36380 176674 4506 1640844 192238 179034 212760 17104 49466 150870 30252 54166 4286 23148 29858 32872 32578 59368 114654 50332 99728 102102 40418 12532 11360 14911
hsa-miR-151a-3p 4248 664 1470 2010 3904 1214 2428 2138 946 448 202 20426 1284 180 772 418 2232 48 532 74 2740 84 17260 1288 1464 105 149 921 729 299 1041 292 651 7 1543 409 700 2654 191 526 116 315 118 974 148 5968 142 1002 640 228 944 7858 1624 2136 2962 6748 2544 6014 10972 222 376 6 6350 56 62 3980 192 2304 9718 2200 4 4302 94 1330 6106 864 728 760 312 234 2026 7956 2738 190 2554 2826 2602 1984 556 528 2016 3550 290 10 148 31
hsa-miR-151a-5p 34182 4874 9446 10214 48616 8042 9714 9400 7560 4034 1100 111952 7724 1094 3994 1738 8316 916 2844 2978 8076 598 98592 6806 18018 773 1157 13609 3612 4174 7378 1141 2336 247 6590 2307 4186 10692 1377 2142 572 2416 881 3848 1634 27276 1538 4686 4042 860 4202 53884 11262 6360 9472 17968 15560 14864 139878 744 1598 470 13208 1576 284 29446 1358 12552 40504 8328 260 15794 316 6228 28402 3016 4548 5850 1568 7402 28994 40422 8826 2344 10352 20308 36606 14130 2220 2210 19424 26242 1970 534 595 820
hsa-miR-151b 140 988 1118 588 9998 730 458 646 490 138 16 3154 1118 260 100 96 116 70 112 390 122 76 1742 206 3403 45 41 1852 174 553 335 2 114 19 197 45 323 514 94 74 6 120 24 212 92 1396 130 458 560 242 6 9598 556 232 212 538 1362 204 24114 14 48 4 134 102 18 3772 150 546 3926 494 26 200 6 186 2704 100 138 1016 38 1346 5834 2288 176 336 3438 2542 7512 690 52 34 130 538 114 10 6 40
hsa-miR-152-3p 1666 5932 3550 770 384 1550 2822 1482 7262 8260 7894 4156 602 356 4166 584 2216 568 3818 348 2142 952 2134 3992 1945 461 1439 338 7695 68 9696 178 251 568 369 100 1132 2517 308 1224 246 865 424 126 94 6346 2958 7786 4026 5984 8684 9262 568 4822 7700 4318 1240 1630 1532 1008 5340 2536 1480 348 456 3728 328 1484 2606 5344 1456 4114 284 18572 15610 2706 2000 1290 848 3474 166 1584 408 722 5004 1516 2484 2752 1302 618 748 1904 618 222 686 482
hsa-miR-154-3p 88 0 0 0 0 0 0 0 0 0 0 26 0 0 34 0 36 0 0 0 132 16 78 0 0 0 0 0 0 0 20 0 4 0 0 0 0 0 0 0 0 0 0 6 0 0 0 0 0 0 0 52 42 0 0 6 0 0 0 0 0 0 0 0 0 0 0 0 0 0 0 0 0 0 18 28 0 0 0 2 0 46 6 0 0 0 32 0 0 0 0 0 0 0 0 0
hsa-miR-155-5p 5096 125696 1692 5764 3552 3420 7156 13914 7504 38588 261558 127250 1498 346 376696 800 8782 44716 27172 1594 16518 1140 21740 34404 920 13256 19338 856 1918 506 8758 453 734 156 6901 591 1812 18687 692 1897 420 2480 39191 2280 12422 13754 2714 9926 8536 323050 7830 5242 3452 9900 13208 3956 4510 10448 12036 502 251570 134030 5498 4918 3668 321330 15584 1842 4000 5164 39490 105354 1950 98602 31550 4880 5138 15776 56312 21704 4748 135980 1292 1180 23312 136354 32478 15638 7262 124738 738 744 792 404 146 211
hsa-miR-15a-5p 816 3632 1302 288 4612 1962 2218 1700 1364 4466 1424 21270 848 204 7234 160 1804 340 2022 842 642 894 4536 1034 908 478 534 1453 656 265 2826 249 1241 49 814 144 1324 2331 209 638 624 414 762 520 1702 2896 860 1384 692 1594 868 5314 982 574 626 2436 2174 634 43548 342 4572 246 924 238 684 2076 430 1266 2056 1042 300 1194 88 3466 2850 1290 1234 248 1436 496 3064 2758 488 2894 1470 3802 4230 846 314 820 7416 5558 35476 4844 3668 1738
hsa-miR-15b-3p 512 1216 462 124 1346 714 88 148 234 1090 384 2506 314 196 1430 202 252 724 436 274 260 420 1290 144 132 52 81 136 148 122 393 21 117 32 113 55 247 274 140 50 163 290 502 122 172 848 128 438 488 338 276 1136 560 148 334 652 246 164 1592 218 1972 120 22 210 98 1258 72 238 590 364 40 218 82 938 380 652 664 290 240 556 754 408 82 480 274 492 1264 218 248 148 8110 13580 26952 7766 4553 4247
hsa-miR-15b-5p 30532 70002 31180 11874 90264 37580 20524 15262 35216 84970 34528 196254 14432 8790 103244 7966 18188 27116 38100 24290 10018 33698 70936 16804 11743 5397 6754 14082 16318 9625 56306 5654 13338 3147 8994 5298 24904 21415 15838 8802 14183 9837 49199 7100 25506 44344 18084 35646 37026 43296 29496 97676 27268 12430 20502 37510 19976 14954 222068 22354 79030 10266 15788 2628 11508 45116 5100 12664 38772 26952 3424 37852 1906 59678 40440 36542 39388 10056 27486 37078 34672 36076 5530 45542 15300 62766 76420 13944 17354 20048 212562 371290 563180 164038 106241 146714
hsa-miR-16-2-3p 3592 8686 5264 2160 18122 6088 2516 2110 2910 11808 5442 19710 3100 1068 12770 782 2238 7574 4580 8282 1486 4316 7162 2634 2420 1355 851 1678 1915 1357 6149 545 1307 577 1353 654 4172 2271 1298 2013 2810 1262 10060 1062 3478 3532 2146 4964 3536 6224 8680 13292 7560 2412 4784 4362 2776 2366 19306 3062 14672 1416 854 1116 1814 8170 1106 2746 5564 4718 732 2958 176 8986 7214 8454 10886 1722 4980 6560 5472 5100 634 7890 6526 8048 13064 2782 5690 3792 25022 27126 56466 17104 9628 10427
hsa-miR-16-5p 46532 411396 160074 39522 366684 346462 147592 140442 103344 411486 118102 995708 103810 20448 477754 30600 82076 116860 199450 108986 133900 78740 183210 83572 71238 56917 49833 95277 69484 33175 226088 19798 125793 6627 55853 24322 161447 170904 20280 75656 55735 23450 171224 43546 100880 130612 51350 146684 75366 155928 131274 445030 122888 82754 134662 229962 101258 77710 1732012 86430 226416 27888 40496 9186 62094 190160 20610 100422 154332 123124 12014 101656 4010 281654 250726 286936 249796 55816 115088 69080 254000 208762 37520 228952 215548 453136 429514 47140 91256 64636 382042 346410 1178786 206330 182980 109790
hsa-miR-17-3p 6 324 110 2 412 28 126 42 50 182 62 560 24 0 298 0 22 48 98 196 18 64 242 28 122 99 26 63 73 51 456 1 26 10 8 9 66 87 105 253 64 111 108 94 112 178 52 94 128 170 10 280 164 56 4 196 90 50 1530 0 702 84 134 18 468 258 0 0 192 18 0 114 2 210 216 102 124 98 196 4 74 108 18 74 122 200 894 242 4 58 2356 3104 3942 816 992 1557
hsa-miR-17-5p 1198 3144 936 960 5168 2054 944 1010 1262 2796 1514 11806 520 450 3638 510 1514 3176 1178 994 878 1284 6972 828 1295 319 219 825 814 812 4343 143 642 307 638 310 667 1677 737 1075 439 844 1144 622 910 3476 564 1040 2184 2012 1344 4650 2310 544 1076 3098 1398 1094 10896 402 10394 554 2398 414 2176 3418 622 1410 3054 698 124 1834 166 2632 3400 1436 1330 552 2024 880 550 3814 632 1552 1966 1948 12036 2136 750 428 67610 80948 137394 31392 33417 28919
hsa-miR-181a-2-3p 384 344 266 220 72 324 260 554 340 136 4 794 270 18 70 228 478 42 892 742 208 28 848 192 28 36 10 15 274 11 72 47 79 0 199 5 35 444 41 34 13 119 1 214 78 1288 210 378 148 76 278 942 340 204 294 442 406 438 1094 104 32 42 228 6 0 210 150 302 252 248 0 174 0 104 626 116 124 36 32 128 88 350 102 162 64 538 58 0 84 78 2 2 4 2 0 0
hsa-miR-181a-3p 112 2728 238 36 1490 50 786 22 192 368 750 706 144 230 64 2 226 24 662 262 164 102 78 272 167 4 408 164 208 79 384 41 9 19 86 2 420 47 100 40 1 85 35 104 8 524 174 62 380 14 250 108 214 160 158 270 60 44 1022 268 62 436 198 26 4 334 0 36 92 378 48 58 4 102 558 348 238 248 230 508 562 436 108 36 86 66 278 384 6 6 1962 4160 3156 1004 748 708
hsa-miR-181a-5p 50350 594176 51738 16722 300416 16218 95686 56484 104770 293798 185446 352718 44688 24180 4670 19260 32174 8456 302018 78654 3100 49076 50524 49632 30490 1478 99099 36875 52993 22761 188582 1748 5007 2897 13746 10269 136554 16708 31352 3610 1305 16316 3253 28164 9842 83432 47060 28800 106286 6446 77478 23438 46110 20532 35662 70758 33042 5252 458732 95080 2182 110688 16336 13500 1006 126118 20616 16978 20954 32344 17130 11486 4426 7880 121498 61924 73448 13730 96826 203090 114878 95084 9818 63110 72836 29880 132844 105868 3792 6084 58272 105612 169028 46198 28544 32791
hsa-miR-181b-5p 2816 39424 7012 1456 23704 2242 6746 7170 5216 25962 13990 26562 6064 2528 544 2786 3328 1652 10784 5014 666 3504 4086 6156 3382 196 10352 2057 6436 1184 13056 50 401 214 1277 1284 18439 1156 3060 275 82 2671 394 5270 662 18914 5456 2216 9966 1468 5734 4024 6576 1700 4112 8192 3260 216 35028 6194 270 12454 1240 2286 92 13906 3794 1014 1662 3310 2692 1008 578 686 12620 5902 6312 3750 6798 15772 10392 10214 1148 4830 12522 4524 10940 15934 448 506 20992 29808 69070 17280 7890 10529
hsa-miR-181c-3p 34 20 0 0 192 0 0 0 0 0 0 70 0 10 0 0 0 0 0 0 90 2 84 0 0 1 0 0 0 7 75 0 10 0 0 23 18 29 1 67 0 0 0 0 0 58 26 0 0 18 58 24 20 2 2 6 10 0 666 0 2 0 0 0 54 2 0 0 100 0 0 0 0 0 32 38 0 0 0 2 48 42 8 4 44 62 0 0 0 0 0 0 0 0 0 0
hsa-miR-182-5p 7872 7720 5180 3166 49598 53634 28396 2386 7994 22276 5526 104860 19574 3598 22654 20098 7284 5096 4586 4958 2490 856 15650 14894 12429 2132 5317 1123 8576 2015 23755 1205 2389 2717 2786 4678 1032 38680 2000 1248 2080 3562 187 4082 6232 25304 1146 18686 1060 930 18150 33074 22640 18960 24874 35408 3276 3530 142036 27666 26978 4406 3972 2736 14334 67802 1996 8634 9086 25198 2104 2392 440 78328 17914 37132 38084 6548 38242 918 58038 20746 1944 28946 18158 13012 4942 700 11900 3582 89798 86754 603772 145558 92417 72044
hsa-miR-183-3p 6 22 0 0 202 372 2 0 2 88 88 232 26 0 76 62 4 4 24 34 0 0 6 28 8 6 0 0 20 0 104 0 0 24 1 81 0 142 6 0 23 0 0 10 82 20 20 2 2 0 140 348 74 130 4 2 6 0 228 122 254 0 0 0 96 126 0 0 2 80 2 36 0 248 56 132 178 80 38 0 60 206 0 128 4 18 50 0 2 0 368 540 5662 1764 1086 882
hsa-miR-183-5p 1762 2032 1542 698 12758 9244 5332 656 2748 6214 1304 26522 4056 1042 7314 2700 1098 918 1018 522 908 184 2284 3420 2919 437 1202 429 3122 557 6835 234 831 862 321 1642 284 6549 713 309 711 767 15 814 1444 5294 258 3360 242 228 2664 13932 4060 3642 3578 7176 404 1154 41380 4808 8572 1104 584 582 7090 11290 446 1036 1690 2726 640 1384 96 20098 3432 6620 6492 1300 5170 318 16912 2816 176 4376 2232 5032 1814 488 1568 468 60198 53256 420030 95044 77449 54654
hsa-miR-185-3p 102 56 0 2 68 0 0 0 92 2 0 344 188 12 122 26 0 0 50 0 2 0 374 16 4 1 12 0 0 7 0 31 6 0 8 17 14 5 22 12 14 0 0 0 12 146 34 0 2 8 0 126 46 92 0 62 12 0 2 22 24 0 0 0 0 24 0 62 14 56 0 40 2 128 14 0 0 50 0 18 0 0 30 2 0 0 0 106 0 34 74 62 130 44 0 214
hsa-miR-185-5p 12052 2184 1262 2260 4988 2276 3428 2266 4462 3220 2062 17640 1760 792 5040 578 1992 684 1494 958 2282 902 21918 2698 1626 322 699 967 824 412 4337 645 602 222 1326 1029 1973 1898 1353 1143 778 1324 1167 660 1226 7806 1182 3348 3692 4258 3458 11558 2916 1558 2034 3740 2870 4320 9438 690 8618 1278 3844 414 760 5274 504 2816 6190 2994 240 4796 12 5374 7530 1762 1312 1196 654 2272 1380 5470 1232 1332 938 2608 1890 4590 638 1338 7990 11756 12388 3828 1572 2197
hsa-miR-186-5p 6126 69046 9348 4104 66932 30300 21906 14162 19512 20826 23060 84484 9408 3564 33734 7758 11752 15646 20266 9352 14688 14442 28226 21794 9053 3997 3420 12982 19981 8543 44499 3710 11141 3303 3819 2129 10808 14349 7129 9932 12128 3829 10002 2810 11584 22634 15618 19462 11924 51782 3640 110152 8326 7448 12108 19358 10630 5562 293194 6138 39324 3314 5968 778 8080 34950 1702 9618 19076 13068 3874 11084 878 42490 48654 11368 12116 3380 12808 7354 36772 10748 2820 18552 18062 71848 30136 33078 5468 9762 67636 62714 211960 40960 39259 27214
hsa-miR-18a-3p 2 76 88 4 314 44 180 14 92 32 92 268 0 0 252 42 0 18 16 72 2 102 48 44 132 0 28 49 58 24 176 10 6 50 22 0 55 26 33 11 73 35 23 0 34 266 62 52 214 388 6 142 216 6 182 72 108 50 430 0 346 56 2 12 194 156 168 50 102 94 2 56 2 24 168 118 52 2 148 228 172 36 0 68 66 8 366 246 4 110 3036 4804 10986 2302 2336 2214
hsa-miR-18a-5p 64 1530 298 108 2114 800 322 468 36 546 262 2820 78 168 1256 28 400 440 262 236 20 498 2096 148 420 78 64 235 312 114 682 34 93 54 108 60 175 270 77 107 249 191 152 168 86 1038 8 54 550 436 106 1946 602 142 68 604 282 54 2998 44 3190 96 318 192 1334 974 64 246 462 404 18 614 98 630 622 412 436 338 510 104 264 634 114 354 816 162 3546 1560 234 162 41262 31952 96978 14386 18842 9465
hsa-miR-190b 300 76 30 116 108 1070 114 6 72 1924 4 626 1176 6 774 660 76 16 96 262 0 54 556 56 90 9 20 3 89 11 122 39 35 41 32 1 18 32 119 5 23 21 144 76 0 960 72 382 86 70 192 432 212 142 344 566 134 0 252 88 310 40 34 2 48 288 0 28 160 434 0 122 6 104 326 114 36 16 70 632 0 0 46 44 944 70 562 218 0 42 200 370 282 66 195 48
hsa-miR-191-3p 66 32 20 24 46 124 76 110 2 20 0 174 6 0 26 0 52 2 40 0 4 42 254 0 45 0 3 6 0 27 0 0 9 1 19 10 19 47 0 10 1 35 64 0 0 90 0 64 0 46 0 42 68 0 32 50 28 32 216 0 6 12 78 0 4 74 110 296 164 140 0 70 2 0 82 18 18 18 0 0 108 8 40 18 0 0 36 2 0 2 668 1184 2012 374 190 247
hsa-miR-191-5p 133738 153650 49268 26696 229626 95332 86360 62828 105476 97210 115012 494690 39834 18166 144646 27312 52604 52806 104268 44552 32292 52826 332326 54232 34738 9067 20883 42360 56195 23863 134907 15296 30221 10066 27372 29324 64934 72779 17447 18722 32771 23979 33504 16178 37498 126124 34832 79046 129388 125948 79814 234754 42076 28044 47186 71964 69006 72514 634596 31628 238676 19278 56402 8228 28816 132726 29728 62474 141952 63098 7206 95166 4942 116588 115938 43798 50580 38762 46238 60424 66744 109416 23778 127144 33940 193450 91146 90874 27618 50964 259036 332060 591108 179792 102615 106206
hsa-miR-1914-5p 118 0 0 0 0 2 0 0 0 0 0 0 0 0 0 0 0 0 0 0 0 0 2 0 0 0 0 0 0 0 0 0 0 0 0 0 0 0 0 0 0 0 0 0 0 0 0 0 0 0 0 0 0 0 0 0 0 0 0 0 0 0 0 0 0 0 0 0 0 0 0 0 0 0 0 0 0 0 0 0 0 0 0 0 0 0 0 0 0 0 0 0 90 0 0 47
hsa-miR-192-5p 460 1862 392 118 380 1572 500 368 270 566 1552 8326 492 74 718 456 826 1054 684 230 58 542 546 476 479 550 182 77 424 54 1173 67 134 168 138 221 488 731 217 183 76 332 626 138 494 838 278 494 568 1424 822 1104 174 342 464 490 406 778 2496 1734 1276 104 132 134 280 898 202 708 326 252 108 80 0 872 1524 900 588 334 518 406 174 392 40 578 576 974 3584 254 220 286 2034 2466 6874 1466 508 565
hsa-miR-193a-5p 676 194 616 176 2472 3930 510 534 3218 3944 3126 6314 274 14 570 1794 112 798 336 610 108 1914 2732 818 272 621 192 655 454 313 767 145 142 354 365 268 549 201 628 173 710 147 3462 146 2182 984 732 1964 2038 4962 3272 746 602 152 958 480 1382 874 3778 96 6080 270 528 514 148 2894 836 1812 1636 228 2 552 344 4798 168 1018 1464 476 1882 1652 1420 818 136 1466 202 2696 1158 1196 592 648 180 354 86 12 8 3
hsa-miR-193b-3p 160 11708 1934 250 6640 32 1098 590 766 2066 1364 5056 1738 460 10474 12 386 2802 2176 668 1326 392 470 1184 485 30 382 480 1797 343 2426 65 402 144 170 77 681 491 354 685 1007 266 13 94 1726 4282 4090 744 2058 5152 292 5890 450 284 466 948 472 30 9440 380 1664 832 18 126 1270 1320 126 10 246 634 262 458 66 3018 1110 462 304 922 1458 1104 2502 494 68 3962 1560 5588 354 1600 316 356 4354 8536 3976 1628 1014 1197
hsa-miR-193b-5p 552 626 214 108 1892 6 590 110 304 1240 786 1160 232 96 1674 4 22 1018 920 314 82 458 278 500 586 49 204 162 295 217 1930 59 101 322 122 122 359 153 716 277 1105 57 12 24 1074 632 1494 286 3496 2692 364 1690 298 282 380 76 80 20 4680 206 1350 150 8 386 400 248 182 136 178 214 84 824 612 580 176 28 168 136 670 2288 256 144 6 1480 384 1138 24 2848 510 386 292 670 102 50 126 18
hsa-miR-194-5p 4 1466 162 104 432 2914 456 688 182 1116 1316 8616 288 212 556 272 454 702 510 426 64 268 1080 462 485 699 151 68 250 15 642 6 104 27 138 151 665 833 207 81 116 41 805 110 218 1122 30 662 728 2066 390 1740 144 378 368 750 354 74 3404 1094 1068 10 282 96 244 1046 4 970 500 720 0 162 6 866 1758 926 798 362 296 204 394 572 44 330 1142 712 1828 302 326 236 1850 1760 5292 1192 847 494
hsa-miR-195-5p 628 5442 1856 534 1766 3662 2532 1538 2604 2204 838 2674 232 714 1260 560 884 128 3436 106 480 12 922 3532 496 237 345 676 221 43 281 60 328 2 607 21 1863 1016 58 282 9 386 160 52 72 646 70 4226 1474 198 714 796 930 4310 5984 840 3978 872 3916 244 636 538 1366 894 58 1374 4 206 804 480 238 1342 28 1664 790 746 502 1156 66 1154 1260 588 72 116 1082 732 1144 1914 494 126 178 16 374 86 339 39
hsa-miR-196a-5p 202 56 182 88 16 2040 2 412 640 26 2 208 0 42 60 76 0 4 2 6 150 336 62 126 23 31 11 34 31 1 1 3 15 13 118 86 677 136 0 8 1 34 15 28 0 548 0 946 2 22 8 6 0 518 252 30 234 134 480 72 4 2 106 80 4 482 4 0 30 112 4 166 0 4 242 296 386 3180 20 8 112 180 28 12 120 136 266 52 80 4 4460 5236 1080 362 495 377
hsa-miR-196b-5p 1086 32 142 72 4 326 106 1950 274 166 6 776 118 58 0 38 212 4 4 0 6 14 310 174 220 6 28 35 11 2 8 61 31 0 86 10 74 109 7 43 1 0 6 4 2 262 4 216 14 8 42 32 96 188 228 68 332 132 1284 2 0 46 48 30 0 124 42 198 130 122 0 66 0 48 266 208 78 246 4 2 0 254 4 40 216 28270 80 4 24 18 0 2 0 2 1 1
hsa-miR-197-3p 6764 2544 1118 1538 7190 1678 2990 1406 7318 2818 3136 12636 1024 1462 3468 278 1720 570 992 1478 1244 462 11856 1964 952 305 383 1167 1550 1133 4168 1078 1079 475 884 582 710 1204 1186 846 1340 1446 1031 434 1812 6820 1374 3760 3764 3290 1568 5648 1194 1196 2242 1586 2470 4608 18966 574 2294 1354 3644 600 1116 2040 2224 1306 5166 2768 202 3670 142 2342 3062 702 1128 2510 918 1852 3022 2138 992 1650 1078 10086 1800 5080 1256 1674 37642 55216 49098 21066 15289 22313
hsa-miR-1973 2 92 2 0 0 0 0 2 0 46 0 0 0 92 112 0 32 0 0 0 0 0 0 0 19 0 8 0 7 15 0 0 14 0 0 0 39 16 0 0 0 14 0 14 0 0 0 0 48 2 0 30 0 82 2 2 18 0 0 0 44 46 0 0 8 0 2 0 0 50 0 0 0 12 142 30 36 0 42 0 0 0 36 6 0 0 2 0 204 66 0 0 0 0 103 0
hsa-miR-199a-3p 8066 2016 6760 5578 3826 9336 4172 4424 9614 2686 590 36960 2008 1528 3700 1394 3618 1492 1196 934 5768 1590 44816 8378 2182 1009 742 1824 4735 334 4186 503 994 57 3312 444 2040 4942 407 1186 339 3188 838 1058 816 14644 2024 11338 734 624 3332 15076 6464 8494 16726 8556 11546 7314 16668 260 4870 324 11390 2280 192 12844 616 4764 10236 4218 166 5350 158 3512 6080 1746 3212 5224 1088 1760 5418 16860 2430 632 7444 5254 2346 9268 896 1294 46 38 450 110 72 69
hsa-miR-199a-5p 1264 318 972 416 602 1586 742 920 942 366 12 10848 310 130 546 154 946 100 312 46 674 4 8952 1710 217 214 106 321 283 19 540 43 170 1 574 91 402 1041 53 139 19 137 36 206 68 1882 118 1490 20 86 188 3168 946 1862 3572 1886 1600 1526 2552 16 182 36 1076 236 24 1894 82 734 1320 468 0 996 2 850 1630 368 666 880 186 276 1118 3972 308 120 592 750 188 1436 230 178 30 68 72 0 2 0
hsa-miR-199b-3p 8066 2016 6760 5578 3826 9336 4172 4424 9614 2686 590 36960 2008 1528 3700 1394 3618 1492 1196 934 5768 1590 44790 8378 2182 1009 742 1824 4735 334 4185 503 994 57 3305 444 2040 4942 407 1186 339 3188 838 1058 816 14644 2024 11338 734 624 3332 15076 6464 8494 16726 8556 11546 7314 16666 260 4870 324 11390 2280 192 12844 616 4764 10236 4218 166 5350 158 3512 6080 1746 3210 5224 1088 1760 5418 16848 2430 632 7444 5254 2346 9268 896 1294 46 38 450 110 72 69
hsa-miR-199b-5p 74 106 42 64 130 136 124 186 50 80 0 148 70 226 64 70 416 154 72 0 0 48 312 178 95 16 15 21 816 11 299 17 16 0 38 1 62 100 1 38 0 245 16 12 32 428 80 142 18 110 162 210 154 232 38 142 290 28 898 4 320 6 178 2 2 144 2 28 286 210 0 22 88 32 298 50 32 244 14 2 218 80 0 256 702 400 82 132 0 0 2 102 60 2 24 0
hsa-miR-19a-3p 230 890 200 206 2018 566 76 518 276 1576 528 1544 212 110 1358 394 472 1134 348 440 364 1318 1206 78 1018 148 33 190 300 110 1367 34 70 79 113 54 393 435 143 591 204 345 647 66 544 1074 246 136 540 1676 452 1934 580 356 116 1092 242 290 3922 178 2396 334 368 50 786 1102 248 58 562 82 30 260 146 786 752 412 414 156 750 34 352 722 92 296 508 572 2508 636 270 208 17138 20388 34966 6248 10759 4268
hsa-miR-19b-3p 840 4466 1718 210 7486 2750 1030 2278 400 3992 1944 6442 1230 500 5298 900 1020 5096 2008 1826 624 2790 4962 844 3469 414 171 808 1396 692 4351 203 604 540 362 281 970 2142 711 2622 741 1275 2220 414 1758 4280 784 706 2288 5160 1680 5350 3142 778 1062 3096 1784 882 18708 270 7298 372 946 246 1788 3506 168 1138 2266 1004 268 1262 196 4804 3660 3198 2612 1074 2732 854 1908 2574 206 1986 1614 2982 11928 2434 870 790 44086 53452 79602 16264 20377 13967
hsa-miR-200b-3p 204 76 0 80 80 86 170 14 38 458 278 992 90 68 88 0 68 142 70 278 0 46 334 144 120 7 71 58 22 17 936 0 42 37 46 7 7 244 32 26 48 1 100 36 54 76 26 130 16 592 554 74 66 2 164 260 48 70 276 218 466 38 0 2 82 76 0 88 33962 88 0 122 2 362 44 52 112 110 138 40 126 104 96 242 114 336 20 76 10 20 2 2 38 82 0 0
hsa-miR-200c-3p 3074 1486 318 368 2860 2502 874 1300 1074 2180 884 22596 748 458 472 1794 480 892 544 918 512 728 2504 568 2337 172 318 270 324 281 1111 206 321 162 315 174 558 1145 418 144 349 313 794 288 566 766 630 1502 2190 648 1006 1584 554 342 282 584 506 650 9266 776 3414 632 874 412 206 1368 188 494 635926 482 4 914 142 1196 992 426 592 940 834 4030 1236 764 278 1938 1330 1494 1294 828 594 706 2854 3406 3616 1126 218 298
hsa-miR-204-3p 6 0 4 0 4 1052 152 448 0 0 2 0 230 0 6 592 2 3484 4 92 0 252 834 2 0 38 0 0 0 0 1 1 1 0 82 152 2 0 1 0 1 61 2 0 0 0 0 0 2 0 4 24 152 0 4 0 328 0 472 0 2 0 0 0 2 246 2 0 0 0 0 0 0 4 4 154 454 864 570 8 0 880 8 352 2 298 4 0 2 0 4 0 2 0 0 0
hsa-miR-204-5p 44 112 178 12 60 13814 3634 7716 6 54 42 756 7136 34 86 19034 12 27350 1564 1710 70 4274 12488 2224 49 1180 6 68 19 36 20 11 39 8 3364 2018 27 18 22 19 26 1312 123 34 26 164 14 212 64 90 28 1716 6084 76 104 42 13268 64 50000 48 44 16 176 58 44 2110 22 348 80 34 6 42 10 28 106 6582 7082 10410 10858 90 20 36468 378 9342 54 39568 5888 96 146 64 16 32 168 12 50 91
hsa-miR-20a-5p 3286 7736 1832 1888 9994 3076 2342 2504 1898 6774 1866 13876 1810 1506 6842 1618 4378 6422 3404 2660 1586 2870 11482 1604 3503 499 463 1298 2012 1333 6536 326 888 497 927 478 1286 2993 757 3165 418 2548 2481 824 1928 4904 1502 2446 2928 3972 3182 7650 5066 1646 2138 6272 2224 2560 25752 420 15168 1370 3798 528 3924 5774 480 1252 4760 1652 388 3886 320 4924 6038 2544 2538 560 4542 2722 1588 5036 750 2632 3204 3782 25338 5622 2126 1228 76874 143542 173848 50906 47541 43571
hsa-miR-20b-5p 134 6 0 130 62 130 0 94 62 84 2 396 18 20 150 0 226 70 14 2 2 2 228 0 1 4 1 17 14 0 30 0 45 31 12 22 8 52 29 27 0 82 0 6 24 56 0 72 214 1054 56 152 72 0 152 0 80 94 184 0 62 38 274 18 72 134 6 0 116 132 0 88 0 0 506 80 14 0 4 0 36 86 32 0 0 20 2 60 78 20 0 0 0 0 3 0
hsa-miR-21-3p 86 236 310 82 828 146 152 552 40 1632 640 1794 176 2 878 28 136 98 218 80 44 880 612 76 329 50 43 70 117 20 1272 1 92 7 80 10 323 313 105 39 8 80 29 22 66 694 350 186 292 732 66 10912 276 4 150 452 116 48 786 56 5076 0 366 0 30 552 4 430 226 204 72 458 6 1538 452 182 182 126 16 38 250 274 110 192 538 122 20 36 68 116 2282 2214 5576 590 521 345
hsa-miR-21-5p 95772 482772 174140 53016 360488 322614 276272 318400 56390 536834 264048 1150276 102946 25476 1587174 25410 197618 110990 270092 82414 102488 71858 568368 160170 235464 42648 63625 77758 95921 33394 1996413 10458 78857 9649 94584 22864 232513 267162 46528 69727 46121 60607 63781 54048 85814 556334 171846 133778 189410 215460 100650 2932152 157700 102366 151330 343982 202740 130972 1478574 87094 1246144 51970 195940 16534 32036 365222 21056 137706 387206 194478 23350 494542 19504 698406 882872 193404 188070 38426 87378 90116 170076 369776 106306 97726 249174 339938 273720 215548 59568 75884 1035946 1002162 1448844 234302 289941 143198
hsa-miR-2110 580 330 278 30 3010 804 398 266 676 248 504 786 104 164 730 4 122 500 232 398 0 184 754 224 293 39 178 179 174 82 461 44 148 169 106 160 268 72 430 1 351 32 517 16 148 510 868 314 840 872 420 1616 98 46 74 34 286 108 1950 76 1424 468 84 68 96 712 236 218 478 72 120 396 86 946 360 268 116 156 314 160 304 316 40 440 288 1432 478 1120 6 680 818 1260 2950 1004 485 332
hsa-miR-214-3p 120 32 368 402 222 862 246 470 2158 116 2 1484 16 128 10 164 60 12 42 2 32 0 296 1036 192 53 114 51 47 3 130 34 15 1 285 16 136 251 0 64 4 388 58 6 22 228 146 2870 90 38 0 22 500 1338 1844 2 1810 80 946 38 96 0 580 198 4 350 44 34 146 28 4 230 0 184 68 194 220 242 90 4 492 62 4 52 686 182 88 466 308 60 0 2 6 2 0 0
hsa-miR-215-5p 2 834 0 0 96 232 0 42 0 46 94 0 0 28 186 0 0 0 188 94 0 2 2 226 29 44 67 4 46 9 15 0 1 0 2 0 43 53 53 26 50 27 0 12 0 12 38 82 96 2 0 296 10 160 98 2 0 0 266 128 132 22 0 10 62 62 0 0 50 0 0 40 0 248 138 88 4 0 48 0 42 30 0 6 90 206 242 370 86 0 96 202 442 24 146 0
hsa-miR-218-5p 64 112 440 44 52 338 2 1274 116 78 24 526 68 32 4480 18 24 62 720 64 0 40 106 912 15 160 61 22 150 6 28809 3 13 47 46 33 95 61 141 8 212 60 12 116 350 682 216 330 116 1890 12 876 268 84 362 54 336 2 12658 74 276 4 6 142 30 1962 6 16 28 194 4 4 12 68 124 144 64 318 1168 160 510 1382 2 26 866 112 254 98 330 514 28 4 168 62 65 0
hsa-miR-219a-1-3p 2 0 0 0 34 0 0 0 0 0 0 0 0 0 2 58 0 0 0 0 0 0 0 0 0 0 8 3 0 0 0 0 0 0 0 3 0 0 0 0 0 0 0 0 0 0 0 0 0 0 2 2 0 2 0 0 18 0 28 0 44 0 0 0 0 0 0 0 24 0 0 0 0 0 0 0 0 2 0 0 0 0 0 0 0 0 0 14 0 32 18 0 174 22 0 31
hsa-miR-22-3p 5812 21588 23852 2502 27310 65656 31046 9696 9946 29358 21622 89662 11470 1706 34692 3362 5816 26320 16492 5194 5614 8498 26568 10246 12862 7312 3307 8449 42336 5210 88367 1651 7162 3339 10041 3875 12994 16098 7820 4139 8309 2477 8223 6222 10148 19254 29382 13578 12682 27014 15552 89586 6878 8102 14684 15598 11312 10434 165314 6206 25050 4376 3906 1176 6482 77742 3014 14388 12342 15834 926 16124 1336 46570 48952 16832 16578 3184 5484 8108 25824 26572 3196 14080 31230 71428 19718 16954 10346 11316 2224 1962 15796 1748 1679 976
hsa-miR-22-5p 754 576 1294 214 1120 598 470 212 356 566 1022 3038 390 80 1526 226 344 1088 456 228 374 618 1468 440 516 113 92 228 861 136 2272 145 158 233 224 132 182 424 208 104 106 129 322 148 200 1274 1100 156 624 724 148 2890 478 160 230 482 414 354 3530 166 1334 306 132 20 230 2128 0 248 652 866 2 718 58 1386 1636 270 452 14 292 364 730 700 158 344 338 1826 332 636 108 84 356 232 1936 174 200 297
hsa-miR-221-3p 76098 313758 81258 61806 2436 544678 76762 269832 4774 136442 34004 34978 215310 15306 4120 45838 12924 544222 232916 177066 6632 122744 173158 236718 1613 26431 7899 2284 67939 59841 3350 16160 31751 6857 30217 9827 92316 58425 871 4518 812 20138 877 69318 12362 18246 145898 5446 48282 190796 136764 660584 82590 40338 96572 12646 160302 38634 8286 2080 1816 850 10324 15560 5652 266050 87592 41200 37252 262766 764 12308 3600 3390 14808 30432 32026 6114 81320 165788 6400 100290 25608 155594 446072 42122 402666 136976 106484 2568 9014 17828 45268 17764 8221 9994
hsa-miR-221-5p 1520 48962 7784 2526 254 24266 4166 15514 116 5286 3628 1558 10214 660 238 1996 1018 29468 12216 6332 1434 5844 9680 8000 99 1122 463 115 3742 2544 135 552 1872 390 1827 538 8483 4210 25 334 24 885 45 2988 726 700 6294 240 2628 12498 4242 68742 6200 2436 3476 1124 7354 1320 418 92 130 44 514 470 558 22796 756 2202 1824 10544 12 606 130 278 1098 2822 2802 190 6066 3944 2044 4494 1068 10192 12092 4102 25208 9646 3092 132 1038 1390 2654 774 773 489
hsa-miR-222-3p 46550 295754 49334 51352 1294 303092 69924 107180 3038 84180 20204 17304 116362 14534 2202 41058 11588 260448 207012 51606 7836 40676 98580 145218 1052 13156 8516 2369 45459 47578 1676 14867 24225 3434 28559 5625 102040 56447 486 5039 451 14945 478 36682 6836 6624 54342 5328 26170 107658 85360 383836 38940 36482 72664 8046 92310 26792 4974 1202 768 316 5074 9684 4888 172464 42020 21576 33044 158120 226 5170 1756 1516 10550 17864 18036 4078 35386 76084 5264 54864 16712 73920 226994 38112 357818 68126 87064 1682 10164 13476 37798 13112 6803 7908
hsa-miR-222-5p 52 860 98 98 0 226 174 252 0 66 0 0 346 40 2 0 26 236 476 0 0 12 306 24 0 11 6 0 29 275 0 13 83 4 61 0 90 60 0 4 0 49 0 344 0 42 160 2 148 82 0 600 80 0 128 0 88 0 62 2 2 0 2 0 4 282 0 0 0 98 0 0 0 4 2 0 74 0 146 46 0 36 6 380 68 108 510 146 32 0 32 0 184 12 0 34
hsa-miR-223-3p 102248 15274 15816 33906 42822 79572 57316 48388 23796 24650 8850 320556 26446 56694 24604 4624 148754 3064 12226 9446 39620 2652 345364 74248 15971 5369 3349 8765 37193 14644 56517 8247 23240 304 22539 9076 27504 84778 6647 22517 5590 130276 3303 10804 9180 207742 4434 27346 11932 2482 56124 141060 32206 25076 38496 113134 106300 100168 57974 10266 18440 23124 140078 4442 1298 97106 52164 36630 174480 146528 10560 150432 3488 35898 215148 9902 11340 76828 7036 7586 11098 109272 44474 82970 34298 48732 9438 36340 11896 28594 374 614 746 260 317 309
hsa-miR-223-5p 1022 72 2 376 524 1068 542 722 124 250 20 2958 276 688 328 52 2714 50 110 44 232 6 2842 1030 164 62 60 27 251 80 537 81 262 12 305 95 373 1124 33 135 4 1679 49 176 32 1770 106 488 56 58 558 960 298 332 478 1194 750 1512 728 54 354 256 1308 24 58 804 410 484 1636 1360 214 1474 80 298 2614 76 66 758 10 322 276 1236 880 458 622 322 150 270 124 206 4 0 2 8 0 0
hsa-miR-224-5p 528 170 1090 1116 98 1202 112 734 684 432 10 4072 264 344 134 180 400 78 192 6 530 22 10628 930 162 126 98 285 120 2 539 31 48 3 679 172 233 523 17 110 34 408 121 200 104 422 56 600 26 8 678 268 414 588 1728 1438 2590 852 932 28 98 16 890 240 76 2130 58 544 1682 254 132 798 2 330 2288 414 780 494 160 232 268 2664 398 118 386 200 410 442 540 228 88 220 698 132 149 199
hsa-miR-2355-3p 226 104 0 48 64 32 228 24 0 74 8 802 0 34 140 52 238 144 52 0 170 2 520 190 87 1 6 47 19 2 138 20 54 0 40 37 7 96 12 6 0 0 1 30 0 448 60 0 52 2 0 486 38 0 0 230 44 164 360 0 206 14 110 4 2 40 0 36 254 124 0 196 0 96 200 10 2 0 26 32 84 426 28 92 0 96 62 172 28 32 0 2 6 0 0 0
hsa-miR-23a-3p 60882 10090 18496 15596 95302 26772 54696 23382 22612 49666 24172 198980 15978 7896 80188 7156 25952 13004 21500 13150 20142 17654 184720 23932 15845 3593 12023 10013 25518 6614 43023 5005 9512 2756 16607 7389 11024 22026 8385 6705 10147 15868 2503 9152 8420 111672 15484 20166 16896 11134 25620 80280 28210 23930 41808 51034 38836 38460 247564 16308 56268 30462 36470 4948 4512 75712 8992 20584 53146 29046 4556 59222 2112 44340 65952 22282 23246 22436 38242 18832 44358 66406 10880 28364 15886 94590 29350 52684 11334 21474 14318 21224 23490 5650 8380 9009
hsa-miR-23a-5p 776 94 30 34 7652 492 124 180 1316 2242 550 1692 186 84 708 106 122 510 400 1066 2 1816 812 134 862 248 156 567 257 57 1321 115 120 394 170 296 110 23 854 150 889 34 85 328 328 694 846 1508 1474 1402 1788 688 1020 582 682 78 368 96 1958 132 2424 98 192 364 66 3364 118 414 772 404 138 586 242 524 476 602 1100 436 1366 918 1422 1690 140 1342 204 1726 402 908 358 640 4 110 148 2 42 5
hsa-miR-23b-3p 8234 2490 3368 2064 11982 3322 5840 2988 2384 7568 4888 28250 2998 1060 15616 1572 2798 3694 3952 2710 2784 2952 33700 3800 2156 470 1960 1379 2611 1142 4774 510 1312 314 2552 758 2661 2890 919 859 1721 2269 424 1548 1470 13262 1936 3576 2846 1962 4390 12026 3660 4338 7482 9044 4178 6600 50328 2876 9486 3630 5622 634 1008 12244 754 2772 9472 3010 1304 5136 268 6854 9388 3898 3712 3208 5956 3746 4730 11242 1212 3138 2712 9662 5532 6710 1914 2884 23828 32854 44684 12174 7472 7355
hsa-miR-24-1-5p 48 108 30 78 422 168 60 62 4 50 2 52 12 102 4 6 62 208 50 56 0 0 174 0 13 32 13 11 80 1 15 0 0 33 0 0 22 96 0 27 7 0 19 4 20 50 30 0 14 12 84 230 56 0 22 102 4 0 1192 38 72 12 0 0 26 36 68 0 58 36 0 0 0 0 78 16 2 0 42 4 0 20 10 70 76 120 112 86 52 0 84 320 270 74 159 25
hsa-miR-24-2-5p 42 142 336 0 1486 854 708 186 104 216 338 952 516 48 1058 168 222 94 274 308 90 238 1054 558 274 69 140 158 451 62 744 23 21 39 127 118 349 213 81 171 39 123 16 160 40 900 358 618 304 290 338 1770 394 360 1120 440 234 78 2536 320 946 336 326 12 38 1448 0 116 354 262 284 674 2 488 474 924 830 390 540 50 360 536 88 448 362 1354 328 1068 34 132 80 80 152 6 44 5
hsa-miR-24-3p 12904 15958 13278 4204 79056 62308 78256 26864 7774 59298 25038 150922 14126 3566 57764 6642 16276 18026 23918 13538 9740 13374 88062 21134 9665 7099 14665 8255 39948 7410 47256 1784 11925 2451 17630 7516 23011 36710 4087 5741 7866 4288 3160 16692 5330 59484 14192 14986 12416 13942 17852 118886 22316 22034 50882 61398 29452 38686 385542 19440 60274 11868 12378 3756 7984 88366 7658 21066 40702 22990 2514 31120 1420 37364 60192 66942 45966 15026 36378 11332 35598 101710 12958 30572 28606 122988 49784 46186 14096 21204 20920 16284 60158 7836 11281 4591
hsa-miR-25-3p 9512 49664 8108 7632 87332 17730 13516 9730 13860 39592 11528 62034 5432 7178 42200 7500 11644 9224 21910 7732 10040 5900 23358 12818 8529 3225 3348 5575 7080 6806 20856 3935 6860 709 3553 1786 6878 13937 3585 6681 6389 8694 9555 5182 7444 19386 6678 25238 8786 27500 16780 27656 9580 8158 17012 17552 8580 10228 109574 18346 48370 13898 11034 1596 13068 16292 4292 7810 19784 12952 3712 20626 796 55758 39252 14942 13322 8990 10942 6118 16878 14294 3212 17704 19928 28340 49760 5764 9046 19080 156370 266446 359884 114948 60101 65002
hsa-miR-25-5p 156 270 8 56 2006 184 76 78 338 86 430 340 188 24 134 38 64 290 46 86 32 114 342 200 261 51 76 75 85 61 237 51 39 150 35 165 36 22 145 44 189 10 209 44 94 184 82 34 328 506 72 290 184 6 168 8 54 4 606 76 1928 14 32 66 252 334 144 174 330 14 6 90 0 348 164 238 256 28 122 288 442 66 2 334 76 176 170 556 184 490 6734 9158 9916 3990 2367 2531
hsa-miR-26a-1-3p 44 0 0 0 6 0 38 78 0 0 0 64 0 0 4 0 0 2 0 0 0 0 0 0 0 0 0 15 6 0 9 0 0 0 15 9 12 45 0 16 0 0 0 0 24 36 0 0 0 0 0 2 38 0 50 2 4 94 0 0 0 0 0 0 0 0 0 62 0 0 0 80 0 56 20 0 0 0 0 0 0 96 14 24 68 0 0 0 0 0 0 0 0 2 0 0
hsa-miR-26a-2-3p 46 510 188 170 582 366 216 314 220 182 292 750 198 0 334 36 126 534 254 154 138 198 428 98 155 90 79 131 257 48 177 53 107 10 80 33 142 215 59 154 166 32 145 58 36 164 118 430 120 322 280 378 140 198 64 288 64 76 1942 176 598 220 114 26 6 320 0 76 814 134 6 90 14 536 486 264 278 86 60 58 236 152 90 156 682 720 618 102 42 58 426 624 434 198 36 13
hsa-miR-26a-5p 401414 565592 222438 154122 707890 414260 378810 285704 441938 844682 350556 3024708 298130 80618 582556 121414 291418 274636 537232 182558 220720 206150 1077968 297806 158569 86640 135468 258709 369872 94264 451724 76860 197809 55955 120294 67323 208580 431959 117372 172662 187024 105913 192180 89974 168362 540850 362320 504346 409960 981386 247312 598664 195554 209026 320294 489024 294162 317280 3721688 130834 726010 175314 286926 29126 53952 524098 60508 198520 989952 302948 47888 355716 12530 794730 589040 333438 321146 156812 297354 215198 390066 579456 115870 518230 172748 1256542 641868 184264 192302 202158 254194 320598 438080 120690 56143 59648
hsa-miR-26b-3p 122 84 8 86 68 104 54 178 134 118 142 1232 58 94 252 36 126 154 162 130 66 26 350 72 22 22 30 65 31 28 192 1 102 1 45 25 99 135 23 67 78 115 112 22 44 22 38 66 62 262 126 390 52 78 20 118 144 184 1206 100 154 34 24 2 0 404 108 20 380 148 0 256 2 74 172 170 42 50 86 60 144 62 50 76 108 296 360 96 228 46 510 630 724 150 214 145
hsa-miR-26b-5p 85086 145040 46884 47268 212310 139686 88504 80200 139036 139358 79410 638374 64800 23204 214040 45490 74650 85818 133238 56904 65264 55200 221478 72598 33655 17341 27971 51459 74041 31932 208121 18156 46752 10706 35536 15331 71926 103234 25764 47103 44323 40194 61352 21328 45428 141534 78246 139256 75910 187220 82212 237288 75164 53350 85826 125224 82114 67906 920470 41482 204364 42108 85862 6586 15498 207180 26752 49852 220092 112094 11856 140218 4906 185420 193790 78552 83484 55632 75886 52818 86984 150982 32666 109556 59906 265230 272856 49220 48702 53874 119638 164894 210190 61630 40189 39648
hsa-miR-27a-3p 4304 6042 6956 2192 49722 19392 26940 11026 4958 38794 12768 47894 8072 1844 27982 3076 7444 8582 10036 6334 4812 10142 22776 10262 6375 3187 6951 3566 21620 2621 21719 848 5542 1292 3865 2157 8383 11564 3469 2336 3573 4239 1492 4170 1730 30500 7430 7688 7760 5076 8056 29130 12300 14572 24028 36678 9868 5500 227172 12882 21552 10598 5852 2096 3360 34156 2594 5994 10544 15734 2088 15982 282 18854 47466 21728 24050 8220 22738 5486 21184 28614 2610 14324 13910 53116 24732 22544 5628 9932 4296 4452 9908 1730 2528 2206
hsa-miR-27a-5p 704 616 324 272 35058 1426 1558 1478 2084 9346 1994 9054 1050 180 2430 1178 650 840 5352 2146 142 3686 1104 728 1941 395 552 3059 3409 318 7495 192 600 440 595 916 1533 303 964 573 2361 81 196 1362 798 1372 2382 3754 1014 4914 4878 3466 5694 716 1488 788 1050 360 19344 334 8072 182 574 122 640 13224 310 744 1532 1698 112 1352 86 3642 2248 4630 4796 404 1084 498 6108 7162 156 3420 2064 11868 4076 2720 984 808 274 654 146 34 289 75
hsa-miR-27b-3p 6634 10522 6556 1728 17730 8140 6920 6216 3210 11044 7876 46496 5108 1156 9502 2420 4382 5540 9604 2918 3466 3000 31986 4036 3116 1335 2460 3107 5193 2408 5707 618 2363 556 2952 546 5596 7574 1283 1298 2388 1517 1883 2634 1992 13992 2908 3682 3566 6804 4442 20366 6052 3462 8240 15246 7098 5422 155190 1740 9988 1848 4034 388 1926 14778 950 5864 12410 5566 1060 4844 360 10906 15672 5512 5962 2136 5290 3304 8336 12956 2508 6400 7208 16728 12386 7386 3192 2910 57278 68090 123926 20858 16331 11779
hsa-miR-27b-5p 142 0 36 2 142 176 60 28 6 220 44 470 18 0 98 62 30 60 62 78 0 0 394 46 6 0 15 21 51 24 118 1 7 0 34 19 101 64 0 29 36 0 0 18 14 58 0 32 0 20 0 192 72 2 0 140 32 144 770 0 20 0 36 0 30 102 0 0 80 0 0 58 0 248 126 46 62 68 48 0 8 52 54 20 26 56 200 156 96 20 522 894 990 436 200 107
hsa-miR-28-3p 1600 798 1014 698 2112 4228 954 1250 1262 2712 1756 6836 1402 552 3402 286 1274 1800 744 1116 1224 582 6646 2344 1314 319 391 878 855 324 684 544 1110 218 985 434 458 2192 411 706 263 534 772 372 1298 5248 1706 2780 784 4826 2914 12722 1308 2248 2466 2976 1974 1810 11996 30 5126 746 1286 194 402 1736 622 1922 4016 1354 130 2036 60 3604 4654 612 364 1286 494 890 1268 3762 1118 1000 2652 1850 780 1306 2254 1008 16 20 70 10 10 9
hsa-miR-28-5p 1542 636 1012 130 2436 1954 1072 1510 970 2738 1238 9158 1128 326 2336 166 1014 1090 802 518 524 918 5536 824 1442 244 241 832 932 237 930 90 521 165 812 314 427 1867 288 360 233 126 882 504 770 2820 2362 1944 1454 4556 206 12592 1394 778 1110 2148 1662 480 15868 22 2616 156 576 264 362 1432 432 1632 2766 530 322 586 10 2468 2440 770 848 380 456 896 2302 2282 228 1328 624 2114 784 1086 236 472 6 12 94 40 3 1
hsa-miR-299-3p 28 0 0 0 0 0 0 0 0 0 0 46 0 0 2 0 0 0 0 0 0 0 0 0 0 0 0 0 0 0 0 0 15 0 0 0 0 0 0 0 0 0 0 0 0 2 2 0 0 0 0 12 0 64 0 0 100 0 0 0 0 0 64 0 0 46 0 0 0 0 0 0 12 0 0 0 0 0 0 0 0 98 0 0 0 0 0 0 0 0 0 0 0 0 0 0
hsa-miR-299-5p 120 0 0 46 0 0 0 0 0 0 0 0 0 0 0 0 0 0 0 0 0 0 8 0 0 0 0 0 0 0 8 0 0 0 0 0 0 0 0 0 0 13 0 0 0 0 0 0 0 0 0 12 16 0 0 16 0 0 0 0 0 0 0 0 0 8 0 0 0 0 0 0 34 0 36 0 0 0 0 2 0 0 0 0 0 0 0 0 0 0 0 0 0 0 0 0
hsa-miR-29a-3p 27812 414584 137736 47582 444592 340942 97442 271942 40996 105660 108098 592770 92036 14200 305242 38516 65272 170448 151396 151280 96322 125424 117090 67028 85270 68390 21245 36253 134736 31863 210623 8106 53366 25311 26711 7416 77484 188982 26207 71325 40717 17436 69215 36574 85422 290368 89020 128038 43608 127370 154276 492660 154174 164692 209706 298910 52058 76178 1935608 130028 147086 12136 14918 2396 33048 167360 9266 108392 146792 223086 13304 84354 4334 486624 301470 270572 224688 71154 184686 29160 155774 154180 15050 147980 259846 276550 283718 68680 79436 93858 87418 109350 273436 51662 46373 28947
hsa-miR-29a-5p 2 122 54 0 734 48 0 120 156 4 184 650 2 0 182 88 34 168 18 202 0 194 0 0 43 19 0 12 40 25 235 0 14 51 1 2 50 34 64 40 0 0 20 6 22 22 56 12 40 140 2 518 84 2 30 96 0 2 1378 2 342 12 128 16 36 242 0 0 0 8 0 0 2 194 110 34 40 24 94 4 102 22 0 128 2 58 202 16 0 50 230 428 638 0 88 35
hsa-miR-29b-1-5p 670 252 160 272 4878 1022 374 730 590 124 1842 1938 538 94 688 388 130 1554 242 2838 4 922 920 234 850 102 121 161 333 303 1262 109 122 491 94 318 143 192 506 109 198 88 511 138 760 1530 1366 534 246 1188 832 3290 2316 1210 1014 476 342 672 5440 114 3142 60 78 16 22 1444 252 544 674 532 24 420 394 1478 432 598 464 894 802 886 280 1296 160 962 256 590 780 922 392 740 3296 4544 5432 1450 1501 1261
hsa-miR-29b-2-5p 248 1956 594 72 5008 2632 794 1010 1250 1552 1330 1524 670 174 3872 230 416 1442 948 982 102 1214 1198 718 750 329 466 235 576 195 2759 49 84 269 74 284 652 283 768 201 1158 343 878 174 656 942 1840 716 3470 1662 1028 6156 1742 78 290 456 486 4 3240 498 6796 322 120 80 568 3050 6 288 410 214 128 998 206 2768 280 608 880 346 736 1554 1166 732 80 1598 508 1694 1960 1950 400 530 1018 1452 1448 692 373 480
hsa-miR-29b-3p 11830 266880 69368 23862 178188 395364 74552 228120 34938 169452 55646 152668 32450 6592 246988 23222 54550 104004 76108 76644 72192 34920 65042 67956 35442 34502 33538 15876 86583 10300 138524 2638 20979 5153 16975 6107 82237 107853 10855 41559 31632 11965 52035 21384 34756 104212 29416 49150 43242 63308 122438 361184 85390 84598 104876 118666 40632 25358 541076 46734 80950 9580 4618 1738 20104 162480 8046 74128 120948 129248 8890 36026 2350 227646 161952 224932 172982 36748 58640 26052 75214 135402 15380 59280 153994 224306 176334 40170 71564 44430 2844 2854 11500 2194 2094 1488
hsa-miR-29c-3p 2706 87052 25210 4234 62786 148510 36336 77726 6508 64730 20610 89618 19136 2136 64410 4168 31308 47060 45942 15724 19046 13994 28588 22158 10412 15813 11768 4561 25277 4257 26662 609 5698 2505 7377 1548 27137 37189 4567 13017 10534 2997 16575 6654 13104 35296 16706 10800 18860 29446 18296 103326 34324 21534 24254 52250 16562 5030 198722 14676 31672 2544 2078 560 5650 65630 3008 26944 30680 40210 2580 10286 578 55080 43550 94186 69960 8506 30998 6382 36736 51156 6120 28418 48564 103652 48698 9942 23148 14140 4136 2608 11510 1464 1183 879
hsa-miR-29c-5p 378 1762 472 152 3768 1806 738 826 918 1780 1138 2356 518 88 4680 230 408 2592 1798 786 386 1018 1002 514 678 302 499 307 608 126 1440 77 175 350 194 131 516 472 553 286 705 377 1033 104 886 1726 1836 818 2068 822 838 3560 1452 428 352 648 514 344 4370 364 4532 340 186 16 356 2958 72 424 840 754 290 872 52 3742 768 1076 898 110 640 1426 1078 658 120 780 924 3182 2350 738 630 550 1098 1784 2096 490 482 571
hsa-miR-301b-3p 2 36 0 0 50 2 0 2 0 0 0 34 0 0 44 0 0 2 0 4 0 0 106 0 0 0 0 0 0 0 35 1 16 0 0 0 1 0 0 0 0 1 0 0 0 0 0 0 12 18 2 64 0 0 0 26 0 0 6 12 10 0 0 0 0 0 2 0 0 0 0 34 0 0 0 2 0 0 0 0 0 0 0 0 0 0 50 76 0 0 488 148 888 84 321 52
hsa-miR-3064-5p 92 44 34 0 0 6 70 52 0 32 72 114 180 22 58 66 0 142 28 38 0 2 0 30 0 50 1 20 9 63 16 46 15 0 0 0 0 28 26 0 27 0 1 2 2 2 116 0 78 6 0 86 0 0 2 46 4 72 24 72 98 0 0 0 140 8 26 0 0 68 0 58 0 110 18 6 2 0 28 96 124 40 74 40 268 0 170 50 2 0 2 74 138 74 0 0
hsa-miR-3074-3p 88 126 0 0 46 6 0 0 2 40 18 32 0 0 6 0 78 2 12 2 0 0 0 22 16 1 0 1 31 0 0 1 0 22 0 0 14 0 0 0 0 10 0 0 36 8 0 0 0 52 2 104 2 0 0 0 14 0 186 0 2 2 0 0 48 4 0 2 0 0 0 12 2 12 24 50 0 0 2 26 78 0 0 0 0 60 18 0 0 0 370 392 1304 376 419 181
hsa-miR-3074-5p 56 192 70 0 262 94 104 2 4 142 26 172 54 2 66 70 0 124 94 16 4 76 136 40 1 7 47 80 22 22 64 0 42 26 2 16 19 21 57 0 85 0 78 20 52 138 0 92 96 90 124 214 40 4 2 24 18 10 676 38 470 0 0 0 2 88 0 0 26 116 2 98 0 82 184 22 60 68 46 50 170 134 0 66 2 164 458 30 2 0 1006 2316 3348 614 505 452
hsa-miR-30a-3p 98 50 172 96 6 526 76 192 274 0 2 2886 102 50 72 184 64 96 420 60 168 24 356 264 34 68 5 232 81 15 27 58 57 30 180 0 122 27 33 17 33 35 54 12 132 4 76 278 178 296 2 1924 194 500 570 148 382 2 1794 74 16 0 206 74 78 96 100 112 340 52 0 28 0 104 72 106 144 110 34 224 1098 194 74 190 242 292 32 44 58 92 2 2 0 2 0 0
hsa-miR-30a-5p 1740 12650 12762 4580 2860 24796 3864 24048 14502 2728 494 323616 11014 1764 12068 6848 12976 30404 40694 2240 23706 4110 15956 15106 982 5405 586 24565 10107 1216 3642 860 5004 1332 5285 251 6347 2029 3103 1118 4345 2785 4811 2134 17790 3720 13862 20378 17226 35516 1800 266124 16936 14760 21640 16004 23456 1472 263596 14040 1940 996 5262 2636 5492 5048 1890 20752 16460 5356 326 3696 494 4498 4132 8420 8932 2216 920 12796 198970 17464 3596 29694 9222 31074 5930 2066 1820 1858 296 284 548 302 133 141
hsa-miR-30b-3p 62 70 0 0 42 0 32 0 0 0 150 122 30 0 2 0 0 70 102 0 0 20 48 0 91 0 0 7 0 16 50 0 0 21 33 0 4 0 0 0 0 0 0 0 8 24 0 0 2 0 0 32 0 0 28 54 0 0 296 0 10 70 2 10 2 62 0 30 52 24 0 28 0 0 70 24 0 4 36 46 20 78 48 28 2 172 46 94 0 28 102 0 410 42 62 73
hsa-miR-30b-5p 2596 15310 8346 916 9528 2906 3428 1976 2086 5688 3690 18408 3186 50 12416 812 1544 3336 22716 1096 2740 2702 4754 2180 1654 146 2570 1075 1960 2314 4582 371 1630 162 3537 302 5056 2158 395 1115 501 417 119 620 1522 22060 4352 4224 4742 158 1696 21978 1728 4224 8402 4516 4796 1386 32416 976 4710 754 942 138 1702 6270 744 620 2540 2776 20 1516 176 9352 5522 692 1586 3326 2626 2364 13460 4666 930 1924 2308 11232 10798 1562 912 2308 11770 12758 44188 8708 7588 7327
hsa-miR-30c-5p 26276 35650 21718 8706 50728 25236 23198 11996 34894 15920 16092 158684 13512 3450 72660 13326 11516 13858 53628 12538 10912 11136 52252 13492 8475 2440 8984 12520 12878 7826 20803 6891 12187 2438 18197 6178 12191 15973 7374 6908 13660 4135 5974 3726 13888 51408 32400 28826 19594 39426 11998 77308 11958 13010 29324 19930 26534 15076 181432 7280 68358 6330 9450 972 9432 27692 6102 10328 29318 17278 1492 19910 844 49122 33492 10912 14048 14992 13166 17710 62954 25788 5970 23124 6422 72138 43672 10016 6860 17768 93976 129500 218116 54084 49851 54576
hsa-miR-30d-5p 98802 275432 67576 47188 164328 80196 113738 69964 56390 142398 115254 450802 37756 10582 78034 18610 88098 58996 147826 19582 67340 52264 363644 91222 25019 5143 18988 29415 47372 33236 151932 10506 28276 5107 39530 12489 95872 56888 12106 32497 6286 27317 3544 19860 33350 158984 40636 73608 112274 3568 65732 214678 36354 55832 77144 113430 76816 73660 894216 29634 94092 31884 91038 7992 43244 184134 11166 42382 179136 70570 7562 121876 4266 139064 186774 25650 27486 25198 53692 39910 102194 151942 40162 34866 60518 172518 142834 82828 22924 38780 481648 532450 1389682 350914 197004 172992
hsa-miR-30e-3p 794 4678 950 602 3836 3492 1290 1334 866 1612 1030 7742 784 286 3760 322 1366 1074 1792 596 1266 396 2750 1092 314 227 309 631 867 319 2197 99 572 56 729 221 916 1499 192 514 398 631 996 342 634 2644 844 1464 600 2270 1072 3740 894 1046 1384 1890 1392 1366 16904 578 2254 676 956 108 546 2692 306 750 3416 1440 192 1380 32 2796 3012 1388 1764 904 1078 194 1318 1816 392 1394 1688 3086 2616 496 542 534 3432 3600 7776 1634 1593 1043
hsa-miR-30e-5p 12530 113484 26558 6978 103506 81034 40908 40824 14710 51682 24018 293432 28160 7530 104238 5688 44512 39292 78434 14256 23806 16440 93842 20180 15599 6565 5454 26555 31093 17065 41085 2421 20107 3884 14427 4113 23453 41554 8227 20957 15476 10735 19668 10144 19920 56824 33528 22254 24430 99678 12242 158660 24204 18702 27966 66748 26962 22532 578140 21124 98610 6322 23580 2222 12978 77370 6016 26052 81404 31674 4126 45116 1646 60896 108948 51996 48768 6996 30662 6900 72198 74978 11548 52444 25610 110994 75856 20836 9626 24838 199868 160822 513754 64324 72588 30076
hsa-miR-3115 38 0 0 0 0 0 0 0 0 0 0 0 0 0 0 0 0 0 0 0 0 0 0 0 0 0 0 0 0 0 0 0 0 0 0 0 0 0 0 0 0 0 0 0 0 0 0 0 0 0 0 0 0 0 0 0 0 0 0 0 0 0 0 0 0 0 0 0 0 0 0 0 0 0 0 0 0 0 0 0 0 0 4 0 0 0 0 0 0 0 0 0 0 0 0 0
hsa-miR-3120-3p 96 2 0 216 28 16 0 2 0 0 0 420 12 0 2 0 26 0 0 0 54 0 136 2 1 0 0 5 0 0 46 0 15 1 14 4 0 41 0 0 0 0 0 10 2 0 0 0 0 0 2 62 30 0 20 62 48 0 0 0 4 0 0 0 0 40 2 0 46 52 0 4 0 0 94 0 0 0 2 0 0 172 74 0 0 50 0 0 0 24 28 96 0 0 31 14
hsa-miR-3136-5p 70 0 0 0 0 0 0 0 0 0 0 0 0 0 6 0 0 0 14 0 0 0 0 0 8 1 7 0 14 0 0 0 7 0 0 0 0 20 4 0 0 0 11 0 0 2 0 0 0 0 0 4 2 0 0 0 0 0 0 0 6 0 0 0 0 10 0 0 0 0 0 0 0 34 0 0 0 68 0 0 0 0 0 0 0 0 0 0 0 0 0 76 46 0 0 0
hsa-miR-3140-3p 36 22 26 2 288 28 2 70 312 328 60 336 88 2 262 0 6 166 10 46 18 70 90 44 86 27 13 19 21 28 307 6 61 12 0 33 10 56 80 1 143 0 14 8 6 24 88 204 146 172 58 388 42 52 58 48 30 0 444 40 302 54 4 30 0 78 0 84 2 100 0 30 2 162 270 0 22 0 46 2 108 40 0 50 46 382 152 396 46 6 170 768 492 452 39 125
hsa-miR-3140-5p 2 0 14 2 0 0 0 0 0 0 0 38 28 0 30 0 0 0 8 0 0 0 24 0 15 0 12 4 0 0 67 13 6 0 3 0 6 0 0 0 0 0 1 0 0 36 6 0 20 8 0 218 0 0 0 0 70 0 184 2 20 0 0 0 0 0 0 0 0 0 0 0 0 0 218 0 0 0 0 0 26 10 0 6 48 108 92 58 0 0 0 58 202 42 7 0
hsa-miR-3144-5p 2 0 2 2 0 2 0 0 0 0 0 0 0 0 4 0 0 2 0 0 0 0 58 0 25 0 0 0 0 0 0 0 0 0 0 0 0 0 0 0 0 1 0 0 2 0 0 4 0 0 0 16 0 0 0 0 0 0 56 0 2 0 2 0 0 24 0 0 0 0 0 14 0 0 0 0 0 88 0 0 0 14 0 0 0 0 0 14 0 0 656 788 1594 250 147 119
hsa-miR-3150a-5p 2 0 0 0 0 0 2 0 2 0 0 0 0 0 0 2 0 4 2 2 0 0 118 18 0 0 6 4 0 0 8 0 0 0 0 27 0 0 0 0 0 0 0 0 0 0 0 0 0 0 8 10 0 0 0 0 0 0 26 0 0 12 42 2 0 16 0 0 14 0 0 0 0 6 0 0 0 0 0 0 0 0 0 0 0 0 0 34 0 0 188 686 174 30 164 51
hsa-miR-3157-3p 38 0 0 0 0 0 0 0 0 0 0 0 0 0 0 0 0 0 0 0 0 0 0 0 0 0 0 4 0 0 0 0 0 0 10 0 11 20 0 0 0 0 0 0 0 0 0 0 0 0 0 0 0 0 0 0 0 0 0 0 0 0 2 0 0 0 0 0 10 0 0 0 0 0 0 0 0 0 0 0 0 0 0 0 0 8 0 0 0 0 0 90 132 30 29 0
hsa-miR-3173-5p 116 18 2 0 172 0 58 0 158 28 20 190 24 0 28 16 12 4 10 26 0 144 176 0 0 6 1 19 16 9 20 0 1 2 3 0 1 0 33 27 31 42 0 6 34 0 2 168 28 150 0 62 0 2 88 0 4 118 294 44 28 0 46 6 46 76 0 0 234 0 0 152 0 80 44 2 62 2 14 64 30 20 8 10 0 32 44 214 2 16 168 356 214 92 224 64
hsa-miR-3177-3p 132 0 92 0 26 0 0 0 0 0 0 0 0 2 0 0 0 0 0 0 0 12 102 0 17 0 0 0 0 0 35 0 1 0 13 4 0 0 9 0 0 0 0 2 0 72 0 0 2 0 0 0 22 0 0 16 8 0 72 0 0 0 0 0 0 0 0 0 96 0 0 0 0 0 0 22 0 0 0 0 0 26 0 0 0 0 0 40 0 8 160 136 98 28 1 15
hsa-miR-3178 2 24 0 52 174 32 0 48 66 10 3610 2 90 0 90 40 0 2158 86 368 114 92 52 0 261 2 18 9 0 10 0 16 1 101 4 90 14 24 28 0 0 0 119 4 0 52 56 176 130 422 12 90 52 60 32 4 76 0 480 2 60 0 68 38 20 430 2 472 0 16 2 0 36 164 34 196 404 232 78 376 42 166 10 52 692 8 164 586 0 0 106 110 148 96 37 47
hsa-miR-3180-5p 74 0 0 0 0 0 2 0 2 10 0 0 0 0 0 0 0 0 0 0 2 0 2 0 0 0 0 0 0 0 0 0 0 0 38 0 0 0 0 0 0 0 0 0 0 0 6 0 0 0 0 14 0 0 0 0 0 0 0 0 24 14 0 0 0 2 0 0 0 0 0 0 0 2 0 0 0 0 0 2 0 0 14 0 0 0 6 0 2 0 0 40 602 162 162 366
hsa-miR-3196 8 12 0 0 26 62 0 0 0 64 254 0 44 0 30 40 0 156 2 0 0 4 0 0 13 0 16 0 0 19 0 23 8 3 0 21 0 0 3 0 364 0 0 0 0 24 6 0 10 90 0 42 0 0 0 2 0 0 96 0 6 0 50 0 14 16 0 2 0 28 0 0 2 14 0 0 0 0 26 262 76 0 0 6 96 60 92 28 0 0 2 0 2 0 0 0
hsa-miR-32-3p 278 464 74 64 464 102 66 182 230 110 130 696 62 14 300 214 28 108 124 278 0 4 286 168 147 62 34 29 93 31 419 35 45 23 82 4 85 255 52 31 98 62 58 36 90 104 116 228 122 104 78 420 36 118 214 292 202 46 1772 96 562 20 220 30 102 268 4 108 518 104 68 264 6 440 456 174 174 10 110 150 92 174 6 110 44 230 498 52 8 2 2588 2860 4490 1602 770 1404
hsa-miR-32-5p 66 11896 844 8 2876 2564 1146 1562 790 2128 634 4578 824 142 3882 398 846 1160 2586 1148 600 648 306 788 381 402 234 606 1131 429 4581 123 772 59 236 82 1206 2177 139 673 441 449 667 300 538 1124 492 1202 694 2458 174 6936 296 288 430 2146 484 160 21886 644 1226 310 148 58 358 1100 80 652 1428 1228 268 666 42 3608 3286 2056 1354 420 1370 646 600 732 386 934 2038 4154 4794 432 372 282 410 624 3170 316 313 178
hsa-miR-320a 32934 18128 16434 6800 90446 24990 18084 26018 33812 30490 33754 50060 13956 2442 8258 17200 3552 145706 6540 81332 4172 26820 110532 10130 22933 8762 2478 4390 10371 7462 19448 3793 3412 16068 7827 4516 2846 4533 12605 2982 16503 7835 21965 1082 31372 30276 40646 23880 10086 26704 59616 26202 26514 10798 17288 7746 13436 13344 39598 8942 116566 6256 5952 7740 8134 47622 42064 25964 17290 15726 3012 12944 3042 37312 12414 11726 19768 9862 52092 82086 16974 35912 3780 12198 14764 5614 44498 65506 18464 12324 78604 153478 173932 72844 57621 66395
hsa-miR-320b 658 1316 956 626 6560 3412 1302 3188 2008 2342 1758 1328 2138 242 938 2124 112 10206 550 5836 370 886 7284 690 1393 1208 581 330 1241 645 855 383 544 505 394 185 308 325 720 173 1910 432 2241 108 1374 1716 1584 2240 360 1350 7678 1952 2260 674 1482 1294 828 522 1892 432 7408 264 498 376 1988 3688 3188 3086 868 1452 316 84 34 2966 756 1308 1850 468 3486 4514 718 3264 326 678 3256 482 4420 4286 2346 1008 6840 13650 25362 8684 7273 9515
hsa-miR-320c 298 772 370 292 3212 2082 652 1650 1030 1122 810 382 1400 112 634 978 30 3448 350 1676 266 170 3688 342 500 477 480 195 843 344 481 227 407 110 133 63 143 184 278 62 1350 162 884 26 398 670 344 1444 130 642 2814 828 976 432 752 842 338 48 892 224 3740 36 126 106 1500 1608 728 1314 176 470 180 2 28 1312 118 906 1010 328 1054 1458 358 1210 112 354 1914 370 2232 1980 1564 550 5134 11228 20344 6722 6051 8122
hsa-miR-320d 260 424 260 236 2564 1590 532 1208 468 816 756 202 1008 88 318 750 20 2014 256 902 262 44 2982 250 294 367 422 148 761 229 309 157 288 44 46 27 91 133 112 28 782 141 425 16 220 482 200 1078 84 360 2146 526 688 296 602 730 308 14 322 100 2546 34 106 130 954 1114 406 974 256 290 168 2 2 644 90 710 784 230 552 780 224 1084 80 212 1390 192 1620 1424 1078 260 4288 9156 13036 4458 4081 5433
hsa-miR-320e 2 22 0 0 68 32 46 76 0 46 16 2 26 0 20 22 0 4 10 46 0 0 42 0 33 26 20 11 107 36 38 16 18 14 0 0 16 5 7 4 14 0 0 2 8 2 0 124 36 0 0 0 20 0 0 122 8 0 0 0 170 0 0 4 24 38 36 8 0 0 2 0 0 10 0 64 36 0 14 50 0 28 0 34 124 0 160 2 2 32 376 1304 874 270 297 853
hsa-miR-323a-3p 234 0 0 36 12 0 0 28 0 0 0 192 10 0 2 18 2 0 0 0 142 2 626 0 40 22 1 32 16 0 56 0 11 0 39 21 42 138 16 29 0 0 1 26 0 24 2 0 0 2 0 94 190 2 0 60 56 304 2 0 0 2 134 0 0 356 0 0 46 216 0 342 0 52 120 0 20 0 18 0 0 124 52 4 0 172 2 40 2 18 2 0 0 0 0 0
hsa-miR-323b-3p 468 2 100 64 0 0 46 124 0 0 2 330 2 0 0 18 22 0 4 2 204 2 324 48 28 16 0 18 6 1 122 65 29 0 45 5 51 115 7 0 0 20 0 46 10 2 0 0 0 0 0 352 78 0 0 0 104 298 0 0 0 0 2 0 0 384 0 88 2 2 0 276 0 24 168 0 10 0 0 0 0 490 120 2 0 2 0 60 0 8 2 0 2 0 0 0
hsa-miR-323b-5p 62 0 0 0 0 0 0 0 0 0 0 0 0 0 0 0 0 0 0 0 0 0 0 0 0 0 0 0 0 0 18 0 0 0 0 0 0 0 0 0 0 0 0 0 0 0 0 0 0 0 0 0 0 0 0 0 0 0 0 0 0 0 0 0 0 0 0 0 0 0 0 0 0 0 0 0 0 0 0 0 0 0 10 0 0 0 0 0 0 0 0 0 0 0 0 0
hsa-miR-324-5p 218 336 238 2 282 322 174 80 158 296 154 494 142 154 536 40 148 76 224 2 98 52 742 40 48 11 50 73 113 110 564 15 96 32 49 22 87 138 150 33 113 86 139 18 132 594 98 132 224 454 40 1708 56 164 188 210 88 288 1212 60 620 100 486 12 364 244 44 216 364 170 64 256 0 746 286 190 162 210 232 88 328 406 62 170 58 288 636 220 0 152 1192 1622 4116 804 994 1309
hsa-miR-326 20 0 16 0 34 22 0 46 0 0 0 144 12 0 12 10 28 0 10 0 74 0 198 0 0 0 0 3 1 0 3 4 6 0 0 0 0 6 9 0 0 0 0 0 28 66 0 20 0 0 0 54 0 0 0 62 10 2 84 0 2 0 0 0 0 32 0 0 44 0 0 0 0 56 44 0 20 0 4 0 24 80 14 0 0 0 0 46 0 0 0 0 0 0 0 0
hsa-miR-328-3p 2274 104 48 384 894 162 316 146 804 164 190 2078 38 42 380 38 240 30 76 202 376 160 3432 534 218 89 41 225 221 140 352 123 89 83 128 89 149 109 181 214 80 108 118 64 246 472 128 70 464 514 232 478 340 130 594 386 530 782 990 40 678 110 234 60 104 532 144 678 542 278 0 586 2 286 212 48 158 4 88 430 624 544 134 124 148 558 246 364 36 248 738 740 508 112 222 238
hsa-miR-329-3p 2442 8 0 422 40 80 74 136 0 6 4 1076 138 0 26 2 86 0 18 106 94 4 1158 26 28 6 8 79 66 0 235 88 43 0 32 82 105 334 2 17 0 62 0 32 20 154 0 24 8 6 2 528 574 100 146 184 96 656 6 0 14 0 174 0 14 828 74 120 188 50 0 924 0 84 552 0 0 0 2 0 30 786 370 50 48 42 0 4 136 38 2 0 0 2 0 0
hsa-miR-329-5p 114 0 0 0 0 0 26 0 0 0 0 0 0 0 0 0 0 0 0 0 78 0 0 0 0 0 0 0 0 0 0 0 0 0 0 0 0 0 0 0 0 0 0 0 0 0 0 0 0 0 2 0 0 0 0 0 0 0 0 0 0 0 0 0 0 16 0 0 0 0 0 0 0 0 0 0 0 0 0 0 0 16 0 0 0 46 0 0 56 0 0 0 0 0 0 0
hsa-miR-330-3p 774 1684 582 154 7850 4228 912 1192 694 1602 2136 2962 374 230 3940 248 330 1086 196 456 244 274 2814 1690 1185 689 362 631 1080 45 4102 84 393 287 112 598 905 367 693 222 1127 360 1389 190 628 1420 1058 1648 1632 2410 3396 9562 1174 578 700 420 672 536 6436 286 4972 340 126 160 1174 3214 210 2066 668 332 162 856 78 3238 1194 1400 1666 720 536 1252 1554 2110 166 448 688 3992 1566 3082 346 402 4128 6584 7260 2514 1801 2035
hsa-miR-330-5p 4 304 74 2 1232 390 0 100 106 410 270 456 78 96 490 68 112 56 38 116 36 60 82 116 158 74 61 51 282 10 750 34 56 15 16 43 122 145 119 13 278 50 93 32 110 186 158 160 366 544 166 1492 96 0 158 136 72 46 1000 114 846 28 0 18 162 172 88 276 130 48 2 232 48 416 326 160 136 82 112 182 532 144 20 122 180 582 456 426 104 26 348 658 2028 294 319 162
hsa-miR-331-3p 420 1852 756 550 5866 2434 710 674 524 1556 1544 3718 454 204 2582 264 844 1234 338 382 352 582 2300 376 423 233 120 236 485 214 2909 105 402 176 316 314 413 503 585 343 272 572 803 244 412 1968 1098 366 1496 1872 458 5084 524 130 526 1206 1046 400 7614 426 1672 104 208 266 476 2392 56 694 508 680 164 584 6 2342 754 496 770 586 412 302 538 958 192 764 642 3072 2432 910 394 434 1040 2056 6708 1626 1576 965
hsa-miR-331-5p 72 218 88 4 446 256 80 0 56 324 226 836 2 30 170 2 62 178 56 106 92 28 252 142 105 155 37 76 62 37 414 18 92 22 97 35 97 111 38 66 49 101 421 30 110 182 186 186 122 376 278 394 62 2 140 136 34 38 1010 82 144 6 0 46 100 492 2 50 156 68 0 2 0 496 252 124 32 184 20 126 40 180 68 46 300 586 392 118 206 58 460 562 1326 318 222 147
hsa-miR-335-3p 1602 154 200 800 152 374 468 768 452 2170 250 2862 434 28 158 252 606 2 92 178 548 194 5620 338 165 50 133 178 242 521 296 282 217 141 347 152 260 854 87 227 21 464 24 350 204 1404 402 744 232 330 1686 1062 578 112 576 950 952 1330 450 370 1568 0 1204 254 4 914 276 558 1814 492 0 1410 40 328 418 370 322 320 478 206 486 1150 230 192 284 140 1692 574 546 92 64 294 270 142 140 47
hsa-miR-335-5p 2598 2672 4348 1588 1946 6170 2070 5972 1076 14096 934 24760 2610 76 746 1930 1188 238 1352 912 1466 1288 12592 802 1214 683 2084 761 3257 4833 1488 361 1648 1098 2551 332 1735 12965 1235 856 921 757 289 2428 1260 3956 2156 4550 1688 5164 5872 14970 3156 1626 3590 4106 3360 2792 4800 4550 9814 246 1778 1028 224 3352 482 1592 11320 1800 46 2330 106 3326 5662 6682 5510 1108 3338 1184 2490 8948 1490 3428 6516 1692 13166 1126 2934 178 28 190 190 8 9 32
hsa-miR-337-3p 644 0 0 158 24 2 44 0 0 36 0 426 8 0 20 64 14 0 0 0 34 0 508 38 40 0 4 4 10 0 87 44 21 0 77 16 16 137 0 6 0 0 18 70 40 166 0 0 32 4 0 426 52 80 152 124 20 168 0 0 32 0 106 0 0 220 0 38 24 58 2 250 0 42 334 0 2 0 0 0 0 416 86 0 2 144 0 60 0 34 0 0 0 2 0 0
hsa-miR-338-5p 176 14 18 126 136 24 268 60 28 50 0 424 0 74 8 16 216 4 8 0 30 0 546 16 39 15 0 1 31 14 180 16 25 0 36 13 16 130 11 0 1 207 19 22 2 56 2 294 2 60 92 312 100 2 2 84 132 550 110 60 10 0 290 0 0 94 168 60 366 260 0 256 0 2 344 80 0 2 0 108 2 218 58 72 52 134 60 46 0 20 0 0 0 0 0 0
hsa-miR-339-3p 770 8112 928 594 10942 4916 1660 3818 1424 2040 5550 5470 2312 248 2930 364 978 4972 2726 2218 1092 1230 4280 348 1427 721 331 1595 1366 1288 4627 288 922 192 793 237 1332 2644 227 893 694 126 1348 370 1526 4176 1392 1096 1270 2806 1346 4150 2242 870 1482 3088 1426 490 8536 740 3732 202 302 100 690 6284 160 3954 1490 2510 110 554 14 4630 1406 3358 3494 76 3582 964 3808 2856 388 3942 1760 11796 1776 626 814 656 1334 874 3942 570 663 392
hsa-miR-339-5p 1690 4430 596 380 6002 1162 1206 434 1252 1374 2422 3918 1028 116 4422 212 1026 1424 1632 1212 1492 1072 3380 494 834 336 207 1024 637 675 2128 238 579 174 533 147 487 1151 192 364 349 114 368 168 740 6668 880 1354 928 1374 478 3652 944 884 1364 2064 1136 1052 6322 686 3948 222 270 34 116 3070 112 512 1034 1368 142 946 8 3604 1650 652 746 752 1262 806 1920 1136 470 2266 1166 4498 1470 796 454 518 2046 3088 6502 2164 1916 1652
hsa-miR-340-3p 2010 106 240 760 118 502 856 410 122 372 24 3698 304 136 138 4 1078 6 534 54 382 30 3392 714 139 120 110 138 472 21 645 58 238 1 572 126 308 815 104 140 14 458 14 178 44 1508 134 408 312 12 508 686 282 370 434 1900 678 1262 550 264 74 164 1366 176 20 942 192 768 2866 1420 6 1740 14 1416 1998 20 248 102 108 370 112 1564 438 412 350 564 118 388 380 396 6 4 22 2 2 2
hsa-miR-340-5p 948 726 1182 1088 400 1070 1604 2064 430 1350 398 9752 1010 298 692 206 4302 20 2572 96 1242 486 6764 1300 420 101 312 298 1952 135 1996 29 591 28 1270 215 887 2510 284 263 24 868 49 346 124 6032 764 576 1528 30 816 5436 792 1372 1140 5984 2016 1348 2406 1450 252 240 3466 164 178 2242 190 1096 6480 3014 300 4002 36 5002 8240 806 498 260 146 308 640 1978 1472 594 432 1410 502 702 240 560 6 12 62 14 2 2
hsa-miR-342-3p 4988 7516 4410 2506 21298 16758 7426 9358 6944 3428 8226 16424 3152 694 802 15456 5326 3876 1990 2290 3450 732 13592 4960 554 2265 601 1152 3944 658 20049 2049 3459 426 2486 1157 2281 11603 1189 4826 218 1906 2195 1412 7314 12536 2356 13126 3558 7892 4816 2784 2178 2638 4736 2638 12016 4680 35888 5470 2970 274 2496 694 2714 16942 3392 9918 12248 6894 376 7400 318 1606 17822 9656 8944 4570 1854 2868 5094 7938 1710 5448 15906 6712 17562 738 5198 2098 21314 35890 21616 7202 10273 10615
hsa-miR-342-5p 166 112 28 92 880 544 110 100 196 50 440 472 56 52 16 278 76 210 40 112 36 0 250 152 47 83 16 57 88 20 638 69 41 8 74 66 41 174 95 32 1 129 174 60 408 266 100 460 248 614 438 14 30 46 52 38 356 130 878 26 0 0 52 2 6 1146 210 828 258 86 0 104 18 4 200 400 328 164 100 146 84 276 56 272 368 190 174 0 132 20 152 292 396 46 116 225
hsa-miR-345-3p 4 0 0 0 0 0 0 0 0 0 0 0 0 0 0 0 0 0 0 0 0 0 0 0 0 0 0 0 0 0 0 0 0 0 0 0 0 0 0 0 0 0 0 0 0 0 0 0 0 0 0 0 0 0 0 0 0 0 0 0 0 0 0 0 0 0 0 0 0 0 0 0 0 0 0 0 0 0 0 0 0 0 0 0 0 0 0 0 0 0 0 0 0 0 0 0
hsa-miR-345-5p 112 788 134 2 662 660 276 114 106 280 36 1272 156 34 174 20 72 186 100 2 28 20 184 124 121 52 55 157 67 22 328 84 42 9 148 36 204 214 66 66 93 24 33 34 300 582 108 374 378 2062 2 598 188 34 258 382 328 14 1150 16 600 66 96 78 168 300 26 0 368 152 76 234 0 26 100 120 94 100 32 0 556 110 56 176 226 374 180 2 122 28 294 314 2226 244 35 56
hsa-miR-34a-3p 46 78 2 0 0 0 0 2 0 2 0 0 0 0 10 0 0 0 16 0 0 0 0 0 0 12 0 1 0 0 21 0 0 0 0 5 15 0 0 0 0 0 0 0 0 46 0 0 0 0 0 14 0 0 0 0 0 0 0 0 66 0 0 0 0 64 0 0 0 0 0 0 0 106 0 0 18 0 0 0 0 0 0 0 0 80 96 0 0 8 48 0 0 0 0 0
hsa-miR-34a-5p 28 6664 2160 114 14 842 190 104 1394 2080 772 308 46 156 6044 650 236 200 4084 186 206 332 570 728 349 125 99 326 508 228 1386 4 20 117 64 33 412 1018 1182 42 35 22 681 74 2 648 362 968 308 980 474 164 866 116 676 32 254 0 1306 530 2260 186 44 2 412 1404 2 362 216 340 120 1100 46 12994 1526 810 634 114 1190 480 122 888 114 416 1830 756 3382 1218 334 690 650 786 152 90 15 112
hsa-miR-3605-3p 6 10 0 144 64 2 116 0 186 56 32 30 0 0 24 0 0 76 0 48 0 28 104 54 5 0 5 20 0 7 21 0 8 1 22 5 20 34 21 9 1 0 26 0 12 0 20 48 8 36 80 12 12 32 0 0 16 140 32 8 208 0 52 16 14 42 2 0 166 0 0 22 0 0 66 0 22 0 0 48 0 26 8 16 0 60 114 26 0 22 96 224 0 54 0 154
hsa-miR-3605-5p 46 0 0 0 0 0 0 0 160 0 0 54 0 0 2 6 0 0 0 0 0 0 0 0 0 0 0 7 0 15 41 0 6 0 0 21 0 0 10 0 43 0 16 0 0 14 2 0 0 12 0 6 0 0 0 0 22 0 0 22 0 0 0 0 0 0 0 0 0 0 0 24 0 0 56 0 28 82 0 0 0 12 56 0 0 0 30 0 0 0 0 0 66 0 0 0
hsa-miR-3607-3p 6882 182086 47600 10972 95896 479952 17870 227836 5288 218132 126134 306012 58880 442 17386 9178 24676 84174 215302 35194 9896 27700 51676 24714 37901 37506 26960 24939 66346 53229 62064 2352 45354 8772 81519 29230 172426 135296 8570 6261 8183 6322 31205 73800 22602 73566 34642 23684 21786 112410 24788 208076 120120 13300 64790 153916 71048 12412 234678 19532 63248 1980 1312 3530 32134 112116 51256 37710 88524 39870 470 13640 5502 134408 104460 240956 140724 6646 104416 5006 46492 335436 13024 125408 145580 111500 301040 29118 43142 118426 15916 14434 33030 5876 7252 1209
hsa-miR-3607-5p 96 38 12 2 130 90 2 78 0 12 30 126 2 24 78 0 80 2 26 0 110 2 6 8 1 7 5 6 37 30 18 0 13 0 11 1 101 12 0 0 0 7 2 36 0 224 0 2 90 6 18 56 6 54 72 46 4 16 310 2 82 18 0 0 60 52 124 34 14 6 54 0 2 10 18 46 88 0 16 0 34 28 4 54 82 48 158 96 6 56 2 2 154 0 2 0
hsa-miR-3609 7646 7450 3708 21000 16626 2560 1696 1862 1722 2104 1732 13056 11180 608 15190 1198 1198 7486 1144 5296 6896 728 4654 110 2108 422 508 577 3504 1503 913 2641 2870 340 418 761 961 585 291 175 8528 878 312 938 1476 4936 1512 3276 3510 3396 4018 4182 4190 6974 11142 5802 920 1960 11264 178 11840 1002 1812 450 4926 6450 3412 3724 1082 5892 1772 1024 278 5672 728 4846 8594 2288 4322 660 6472 4030 604 13706 8604 16114 20174 3256 1590 4044 52 92 1006 434 52 172
hsa-miR-361-3p 1406 22222 5254 696 36694 9376 3446 2784 6824 6562 7330 16380 5760 1218 50016 1906 2298 7922 5866 3104 2788 3356 5536 3144 6330 2479 1353 3640 6039 2613 8915 1668 3119 1108 1316 1706 4158 4047 3885 2902 4375 1515 7845 1470 4846 10192 9994 7312 9264 17872 3082 34248 3430 2190 3854 3160 4954 706 78800 5902 22338 3034 844 372 7154 12830 764 3680 5976 2588 1562 6592 320 32640 12716 6102 6356 1692 4502 4776 11356 4668 534 5922 3034 22622 25554 6470 3062 3620 3190 4086 7970 2368 1799 1514
hsa-miR-361-5p 3506 7826 3068 1088 14220 6240 3770 2390 4428 5678 3778 18164 2340 1196 22634 1210 1866 2594 2620 1658 2240 1714 11672 3204 2254 1212 699 1628 3599 1243 6320 337 1369 615 910 638 2013 2593 2555 956 2154 1643 4536 792 2320 5394 2846 3516 4880 7958 2660 11278 2440 2170 2832 3078 3966 1662 40376 3014 12762 1620 2980 648 3300 6490 858 3650 6330 2710 1190 5834 368 8852 6098 2868 3734 1482 2376 1894 4414 5336 726 2388 2508 10332 8690 4578 1488 3242 12838 17070 27670 8792 5845 6105
hsa-miR-3613-3p 58 10 0 0 50 0 0 4 2 0 0 34 2 0 6 0 0 0 2 66 0 30 0 0 0 0 0 4 0 1 0 0 0 0 14 4 0 0 9 0 0 17 0 0 0 142 0 0 0 14 0 14 0 0 0 40 2 30 28 0 16 8 0 0 0 46 2 0 2 0 0 66 0 0 0 0 0 14 20 0 0 20 0 0 2 2 2 4 0 0 138 114 230 164 63 8
hsa-miR-3613-5p 240 512 562 146 1692 1912 1240 1270 596 1216 514 6104 328 100 1610 148 1424 378 788 148 826 360 2288 498 400 274 349 322 325 208 657 108 657 5 893 103 358 1810 127 811 317 445 183 182 770 2578 260 970 318 760 296 1914 612 900 1594 1576 1174 1046 26176 172 1120 228 1514 98 226 1364 414 540 2378 1226 52 1700 10 666 4558 596 554 738 512 186 1794 1038 566 872 948 1570 1024 556 418 926 3952 4532 22396 2300 2820 765
hsa-miR-3615 734 2010 966 232 2436 3086 664 454 470 4934 2212 1308 936 146 2028 46 378 3566 348 1080 306 1072 2464 390 1611 209 236 66 697 276 263 218 440 168 297 305 784 362 459 69 1152 274 1138 76 340 1378 2294 1080 3092 1962 1312 2986 816 432 1088 516 852 230 4168 1004 3432 136 392 258 1446 3456 520 570 444 1082 70 294 70 2678 624 1014 2316 322 1232 1002 502 1176 100 926 744 950 1072 1582 450 520 2060 3056 9094 2856 1903 2596
hsa-miR-362-5p 614 1198 566 226 152 202 360 344 1232 410 142 1756 124 134 1860 86 328 90 694 22 410 24 976 884 481 1 16 288 215 98 290 128 269 37 325 34 99 438 183 390 9 219 75 70 124 1214 464 278 594 116 276 860 328 434 366 754 606 194 2938 200 1294 368 462 186 80 742 140 174 646 470 0 1384 68 1734 796 194 90 250 82 46 968 236 242 84 110 716 1904 230 268 288 5076 8248 4964 1680 3516 3997
hsa-miR-3620-3p 52 0 0 0 12 0 0 0 0 0 0 0 0 0 42 0 0 0 0 0 0 0 2 0 0 0 1 0 0 0 40 0 0 0 0 0 9 0 0 0 28 0 15 0 0 16 0 0 80 0 0 22 0 0 0 0 0 0 0 0 94 0 0 0 28 2 0 40 0 0 0 34 2 0 0 0 0 0 0 32 36 0 0 0 0 0 0 58 0 0 38 0 50 0 0 0
hsa-miR-363-3p 190 670 112 2 306 1234 694 2010 268 662 18 3064 260 126 992 2 798 10 258 68 560 20 1246 1020 94 76 33 58 357 38 237 88 206 18 322 65 284 789 144 804 1004 302 129 306 140 1672 154 836 2448 14320 386 3136 242 598 484 988 708 550 1970 88 600 44 464 82 1184 448 240 932 2034 698 4 754 2 732 4402 848 906 212 68 34 626 952 480 72 638 306 456 386 150 382 4 8 4 2 6 0
hsa-miR-3648 94 0 44 92 150 0 2 0 0 2 0 0 388 30 110 0 0 0 8 2 96 0 0 0 63 0 7 0 63 6 1 27 8 0 2 0 7 7 3 0 71 0 0 0 0 24 10 16 40 36 0 0 14 2 2 38 0 0 98 0 148 0 40 2 120 28 0 0 18 0 0 0 0 40 0 0 0 0 0 2 34 0 0 44 186 10 370 64 0 0 74 270 324 24 46 18
hsa-miR-3651 392 184 36 576 770 142 10 108 70 328 550 16 1214 132 26 0 68 312 92 62 70 326 142 80 146 9 23 6 126 160 319 1 48 40 61 77 35 84 2 0 192 48 27 22 124 306 24 224 112 98 102 182 152 84 86 120 68 0 94 180 528 0 2 0 374 170 276 132 54 186 42 0 116 138 84 100 186 10 190 286 48 38 30 664 322 132 722 194 0 4 2 0 162 0 1 0
hsa-miR-3652 222 0 0 44 144 0 0 30 0 0 0 2 18 94 0 0 0 0 22 2 0 44 52 0 0 0 0 1 28 19 0 0 5 0 0 0 0 0 14 0 115 0 12 2 0 0 0 0 136 26 0 2 28 2 0 0 0 24 94 0 2 20 2 0 116 94 0 0 106 0 0 0 40 4 0 0 0 0 0 0 126 12 0 60 22 0 212 12 0 18 2 0 186 0 45 11
hsa-miR-3653-3p 1052 1486 400 1358 4592 8698 1006 4888 2334 4070 7894 6926 1108 10 1176 1050 682 12404 1932 5216 766 1580 6314 1048 1099 632 374 942 465 352 1664 350 682 206 748 1048 1495 1765 565 391 880 837 1435 476 1436 996 1208 2236 1298 3098 6224 2716 3646 710 1382 858 1200 1384 9680 566 8240 126 142 58 424 5002 1680 2666 4194 400 160 304 190 7478 1734 2268 3494 164 5658 1830 474 5322 372 2162 2280 1382 6064 2130 1624 1242 248 374 506 368 7 50
hsa-miR-3653-5p 2244 16396 3056 2570 12622 28676 3262 32148 2998 28208 46082 43222 7700 56 2318 2640 1562 23772 9092 11812 1832 11130 15556 4482 12210 5181 2791 2375 2882 4824 7177 539 3383 1383 8966 6502 10478 22821 2729 1005 2017 1155 10779 4252 5898 1678 4662 6300 5618 22232 16332 24498 17462 1342 5706 7552 9364 2358 25138 2374 20314 520 392 1330 3846 15846 7138 9292 30440 3186 312 2976 1466 31910 13190 25218 25822 458 26562 2214 7826 42848 1352 11600 7680 7730 24494 10660 7248 14302 1864 2904 3644 1602 889 229
hsa-miR-3654 68 0 48 98 390 0 0 34 0 0 0 26 246 0 22 4 0 46 2 272 70 0 0 0 48 0 0 4 26 26 4 14 115 0 32 12 1 0 0 12 0 33 0 136 0 0 0 48 138 0 0 4 150 2 492 86 76 0 138 28 44 20 2 0 394 148 0 0 0 22 0 0 0 4 60 54 60 0 2 102 2 46 60 260 0 0 1166 0 0 0 6 2 0 0 26 0
hsa-miR-3656 82 0 58 74 142 0 0 0 0 24 0 0 84 0 2 16 0 34 10 0 2 0 0 0 0 0 9 0 102 40 11 51 89 0 0 0 9 0 0 0 178 0 0 2 2 18 0 0 82 0 2 0 22 0 0 0 0 0 620 0 0 0 0 0 162 52 2 2 2 112 0 0 36 0 0 0 0 0 0 2 34 14 0 72 80 168 298 2 46 0 20 26 0 0 0 36
hsa-miR-365a-3p 1708 29204 3138 572 14598 752 4056 1298 6280 10194 4724 14256 3304 874 59796 330 1968 4286 15532 1632 4866 780 1650 3948 4001 129 2337 1784 5519 2605 9047 996 1938 809 757 692 2843 3219 3975 3137 4506 843 300 352 5260 15770 10604 3038 16642 13966 1784 18722 1460 2456 3062 2418 1194 46 73112 3228 6462 4412 316 738 4208 2818 176 98 2006 1660 666 7066 154 14212 3234 906 1074 2712 4076 7776 9426 1140 74 8278 2208 27530 1582 7546 1510 2338 11440 18942 5902 1708 2234 1936
hsa-miR-365a-5p 128 206 6 0 120 0 32 16 0 60 92 260 84 52 238 0 0 444 134 78 0 38 78 2 61 7 2 63 25 3 122 0 0 42 0 19 34 22 51 47 244 33 0 4 116 20 182 92 270 564 0 316 0 0 64 0 40 0 254 6 106 60 0 36 2 84 104 2 0 0 0 2 2 230 0 0 4 44 128 98 52 0 0 136 54 78 6 692 0 22 132 358 2 42 0 40
hsa-miR-365b-3p 1708 29204 3138 572 14598 752 4056 1298 6280 10194 4724 14256 3304 874 59680 330 1968 4286 15532 1632 4866 780 1650 3948 4001 129 2337 1784 5519 2591 9047 996 1938 809 757 700 2857 3219 3975 3137 4506 843 300 352 5260 15770 10604 3038 16642 13966 1784 18722 1460 2456 3062 2418 1194 46 73038 3228 6462 4412 316 738 4208 2818 176 98 2006 1660 666 7066 188 14212 3234 906 1074 2712 4076 7776 9426 1140 74 8278 2208 27530 1582 7546 1510 2338 11440 18942 5902 1708 2234 1936
hsa-miR-3679-3p 78 0 0 0 0 0 0 0 0 0 0 0 0 0 16 0 0 0 0 0 0 0 0 0 0 0 0 0 0 0 0 0 0 0 0 0 0 0 0 0 0 0 0 0 0 0 0 0 0 0 0 0 0 0 0 0 0 0 0 0 0 0 0 0 0 0 0 0 14 0 0 0 0 0 0 0 0 0 0 0 0 0 0 0 0 0 0 0 0 0 4 0 0 22 0 0
hsa-miR-3685 48 0 0 0 0 0 0 0 0 0 0 0 0 0 0 0 0 0 0 0 0 0 0 0 0 0 0 0 0 0 0 0 0 0 0 0 0 0 0 0 0 0 0 0 0 0 0 0 0 0 0 0 0 0 0 0 0 0 0 0 0 0 0 0 0 0 0 0 0 0 0 0 0 0 0 0 0 0 0 0 0 0 0 0 0 0 0 0 0 0 32 0 0 0 0 0
hsa-miR-3687 108 18 112 128 394 86 0 0 90 110 58 54 574 54 124 2 12 184 52 2 520 0 2 0 16 0 36 10 430 27 36 141 238 6 6 63 5 1 23 0 145 2 4 34 0 22 0 0 24 46 0 2 8 0 2 266 0 0 396 0 76 0 0 0 784 66 68 2 0 54 0 0 22 0 62 0 20 4 82 0 14 0 2 60 1938 24 2736 268 0 2 174 204 144 34 74 40
hsa-miR-369-3p 1718 24 8 578 200 16 0 352 74 140 88 1454 258 18 116 8 378 54 10 2 648 18 1618 228 115 6 10 33 84 12 676 5 67 0 171 31 179 952 4 155 4 129 32 150 8 226 0 66 14 0 90 2008 524 254 236 440 346 934 6 2 146 0 634 0 2 1504 0 350 152 346 2 996 22 242 1718 14 42 0 8 4 48 1580 744 14 114 506 174 68 0 186 0 58 80 2 2 2
hsa-miR-369-5p 204 0 0 184 2 32 0 62 0 82 2 76 6 0 16 0 18 0 0 0 272 0 226 36 0 0 8 3 21 0 45 31 11 0 16 4 19 137 1 12 0 0 0 14 0 0 0 0 2 0 0 204 76 4 36 76 6 52 2 0 0 0 0 0 0 152 0 0 0 182 0 250 0 54 40 0 0 0 0 0 0 172 168 6 0 76 0 0 0 2 0 0 0 0 0 0
hsa-miR-370-3p 1012 44 0 270 204 44 0 0 2 16 80 426 60 0 2 0 134 0 0 38 0 42 576 56 56 0 17 15 0 0 75 27 27 0 75 36 19 70 3 34 0 23 0 24 0 46 0 46 0 0 0 302 94 0 102 64 20 340 4 0 96 0 40 38 2 430 0 16 84 28 0 78 0 172 174 0 0 0 2 0 0 332 96 0 2 104 0 10 0 74 0 0 4 2 0 0
hsa-miR-374a-3p 212 1124 290 164 790 302 180 156 64 586 220 2556 118 60 680 34 500 284 258 62 316 56 174 0 140 51 21 95 477 164 597 1 192 10 49 7 231 532 76 73 114 107 147 96 134 356 314 124 120 864 70 1828 122 6 114 654 152 152 5086 348 464 70 286 22 76 662 6 244 444 368 160 448 2 1400 1846 222 144 74 166 124 556 290 2 206 130 1026 1044 242 0 138 926 1038 4086 472 383 140
hsa-miR-374a-5p 690 12514 2404 1454 8950 12096 4710 4148 1802 6616 2932 27386 1600 1798 8466 1192 7932 2898 3928 1444 6226 1080 7356 4620 1593 811 583 1444 5426 2001 14351 338 3593 245 1632 268 4525 9602 790 3926 1954 2477 1522 1202 1236 3864 1972 5328 1780 10202 1976 22920 1298 4512 3076 14216 2034 1988 60756 7988 5680 1478 4568 184 1302 6622 148 2294 11884 9030 1266 9042 240 9968 42238 4494 3668 1696 1386 392 3446 4738 2140 2652 7758 18552 13160 1770 2546 1834 5776 6062 21948 2830 3141 1151
hsa-miR-374b-3p 74 82 4 80 32 26 48 0 214 78 0 266 0 58 128 4 54 0 166 0 2 40 458 118 23 0 36 29 104 11 171 0 48 2 15 24 63 137 14 138 2 7 16 14 18 200 30 0 58 188 4 180 32 0 2 78 50 224 490 22 130 26 112 0 80 98 70 38 464 154 0 134 0 90 350 0 20 4 2 0 0 136 64 6 2 402 106 2 0 6 442 326 1414 244 171 133
hsa-miR-374b-5p 8674 6534 2570 2880 17064 8174 6596 3832 11712 10310 7500 30856 3448 1552 21596 1950 4732 2996 3712 3764 4438 2830 19242 4914 4551 769 1636 2621 4304 2156 21036 1570 4991 889 1955 1350 5546 6938 1639 3090 3772 2368 4958 1518 3822 9730 3172 10998 7370 14226 5318 21742 3820 4460 4944 8088 5002 5788 59094 2322 11578 4000 4698 658 1876 7414 1014 3562 17538 6860 3038 14322 344 11396 20288 2754 3886 5406 1830 4890 4844 6184 2850 2628 6752 23854 8064 6294 3288 5022 14438 13566 23758 6540 5376 6185
hsa-miR-374c-5p 220 266 32 48 534 204 92 102 92 110 156 622 104 36 402 112 170 22 64 42 2 28 514 34 129 4 45 44 85 54 341 1 111 16 31 9 38 110 18 33 91 35 134 28 156 296 46 392 270 248 56 414 90 94 300 100 130 72 1278 106 248 38 36 0 12 164 2 44 274 22 112 136 0 188 400 50 66 70 36 46 58 116 62 74 92 648 244 112 250 104 324 242 416 50 19 193
hsa-miR-375 30 300 82 2 186 16 0 16 0 94 12 282 52 0 0 0 46 18 28 40 0 26 444 226 52 18 587 8 176 3 9995 0 3 1220 148 4 4 424 110 0 14 0 8 8 36 28 42 20 84 6 24 220 92 2 62 46 6 0 924 168 28 0 36 0 2 28 0 0 21828 14 2 8 0 0 166 30 62 268 32 0 98 98 58 10 4 24 84 50 0 40 0 0 160 70 2 0
hsa-miR-376a-3p 102 0 68 86 0 0 0 30 0 0 0 462 18 0 26 0 86 0 0 0 70 32 610 0 18 0 0 3 8 1 66 5 18 0 31 5 57 223 0 6 0 0 0 6 0 64 0 60 2 2 0 428 182 0 72 186 22 110 2 0 16 0 38 0 0 216 0 64 0 106 0 238 2 12 482 2 0 2 2 0 10 526 28 0 0 180 0 0 0 18 0 0 0 0 2 0
hsa-miR-376a-5p 38 0 0 0 0 0 0 0 0 0 0 0 0 0 0 0 0 0 0 0 0 0 0 0 0 0 0 0 0 0 0 0 0 0 0 0 0 0 0 0 0 0 0 0 0 0 0 0 0 0 0 44 0 0 0 22 0 0 0 0 0 0 0 0 0 0 0 0 0 0 0 0 0 0 0 0 0 0 0 0 0 0 0 0 0 0 0 0 0 0 0 0 0 0 0 0
hsa-miR-376c-3p 610 28 0 262 14 70 38 148 0 46 2 726 206 26 66 0 252 4 2 0 218 0 1488 200 58 39 18 5 45 1 215 48 46 2 124 50 132 626 1 3 1 7 12 42 60 128 0 52 2 4 2 1106 184 148 110 342 230 322 62 0 112 0 66 0 0 766 0 258 22 86 0 448 0 66 418 8 10 2 6 6 0 1324 214 0 2 314 0 30 132 6 0 0 0 4 0 0
hsa-miR-377-5p 328 0 0 0 0 0 0 0 0 2 0 0 62 0 2 0 0 0 0 2 0 0 0 0 0 0 0 0 0 0 37 0 0 0 9 0 0 2 0 0 0 0 1 10 0 16 0 0 2 0 0 0 0 0 0 0 0 0 0 0 0 0 0 0 0 0 0 0 0 0 0 26 0 64 82 0 0 0 0 0 0 52 12 0 0 20 0 0 0 0 0 0 0 0 0 1
hsa-miR-378a-3p 4210 3606 1602 950 848 3040 1112 1440 6206 870 9386 20604 2204 294 1134 2446 2202 14384 366 3512 1056 2944 3114 3016 2784 1370 594 2524 282 114 1597 441 567 774 1063 305 206 957 175 1092 331 687 5363 348 1056 3794 2450 8844 1554 4724 2478 7028 2230 2592 3892 6088 3300 2076 21966 2184 15518 2024 2732 404 184 3440 774 1052 6106 1434 308 4894 144 42136 4908 1718 1734 1412 4980 2488 1860 2852 394 1354 2834 1640 11366 826 1646 736 84496 126042 165662 58792 28373 36837
hsa-miR-378a-5p 2 26 2 0 14 106 0 0 4 114 168 430 0 0 106 0 0 54 96 2 0 18 110 2 103 3 2 21 35 0 26 1 32 19 14 7 14 23 0 2 0 31 37 2 26 140 10 46 2 54 70 24 24 138 2 18 60 2 70 108 254 2 2 0 72 42 0 0 50 0 0 80 0 612 200 16 28 0 30 4 0 56 0 2 100 2 122 4 0 0 1612 2508 2518 1034 484 785
hsa-miR-378c 164 1160 356 88 74 1074 170 574 786 70 3462 2252 742 50 96 306 390 6010 20 1134 260 916 92 726 464 356 185 458 17 6 261 41 36 85 119 27 17 83 2 234 66 113 1551 50 214 998 564 1436 284 1422 302 3052 656 532 582 1248 352 242 4808 534 4738 330 76 4 14 1202 50 276 956 172 0 572 4 17586 798 696 438 244 1420 762 294 846 44 370 1774 40 2894 148 210 84 1646 2410 5026 1514 819 973
hsa-miR-378d 18 186 0 2 4 68 0 180 2 4 436 208 92 0 4 0 4 814 4 114 0 58 2 20 38 44 15 35 0 0 41 0 13 0 0 0 15 21 0 47 0 0 218 10 54 132 48 80 52 240 50 470 2 58 78 290 6 2 652 78 754 92 0 0 0 74 0 0 232 22 0 18 0 1294 126 138 240 86 298 0 92 154 0 12 416 16 286 26 0 2 268 204 442 126 13 148
hsa-miR-379-5p 980 2 0 230 36 58 0 238 0 14 0 874 116 18 2 0 72 2 4 6 354 56 890 20 30 1 0 18 23 11 226 15 33 0 210 49 9 480 1 38 0 59 16 74 0 82 2 2 0 0 32 700 256 70 196 96 68 724 0 4 92 0 342 0 0 578 0 178 66 130 0 308 0 30 568 34 44 2 2 0 36 946 216 0 30 212 6 52 2 24 4 2 0 0 0 1
hsa-miR-380-3p 98 0 0 30 0 0 0 80 0 0 0 62 14 0 2 0 0 0 0 0 0 0 256 0 29 0 0 25 0 0 41 0 29 1 38 0 0 53 2 9 0 0 0 0 0 0 0 0 4 0 0 134 60 0 0 36 40 56 0 0 0 0 102 0 0 22 0 34 0 0 0 0 0 0 66 0 0 0 2 0 0 72 0 4 0 54 60 0 0 0 0 0 2 0 0 0
hsa-miR-381-3p 6 2 0 0 40 0 0 192 0 0 0 236 0 0 0 0 40 0 0 2 152 0 118 0 0 0 0 5 0 0 22 0 1 0 13 0 41 186 0 0 0 1 0 12 28 0 0 4 4 0 0 168 14 2 0 46 8 92 0 0 0 0 0 0 2 138 0 46 26 0 0 0 0 0 68 0 0 0 0 0 44 250 12 0 50 34 0 0 2 32 0 2 0 0 0 0
hsa-miR-382-3p 634 32 0 76 0 0 0 174 0 2 0 550 2 0 62 0 44 0 16 10 38 2 268 0 6 0 4 6 0 1 62 8 30 0 0 1 37 207 1 0 0 0 0 8 0 64 0 0 18 0 0 204 58 0 0 60 118 168 12 22 0 0 76 20 2 204 0 0 38 48 0 40 0 12 54 0 0 0 2 28 2 304 244 2 36 58 0 134 0 2 0 0 0 0 0 0
hsa-miR-382-5p 1494 2 10 276 88 0 32 132 0 38 2 766 242 0 34 0 170 30 0 2 150 80 1792 12 109 3 14 18 40 0 211 3 35 0 74 52 18 243 25 18 32 51 1 84 44 200 0 0 4 0 0 380 220 76 142 170 162 556 4 0 4 0 230 48 0 1006 0 192 30 0 0 350 0 28 282 58 0 0 6 56 0 872 632 0 26 184 0 76 0 32 0 2 56 2 0 0
hsa-miR-3909 2 8 0 0 2 2 0 0 0 0 44 14 0 46 8 0 0 0 0 10 0 0 2 86 13 0 2 0 21 3 9 2 0 0 13 0 6 0 0 0 0 0 0 0 0 72 2 0 74 0 0 14 0 0 0 10 26 2 98 0 12 0 62 0 0 0 0 0 28 22 0 10 0 28 26 0 22 0 0 0 0 0 0 0 32 24 2 0 0 0 238 48 302 70 79 56
hsa-miR-3916 246 110 2 0 342 78 0 54 2 68 52 56 58 0 88 98 0 36 32 0 0 0 0 0 45 4 20 0 25 0 1 27 47 8 18 1 48 1 48 22 95 1 12 18 82 82 12 30 120 50 374 162 62 2 0 0 34 0 190 0 24 38 74 24 44 418 0 2 60 0 0 24 0 68 0 0 44 0 16 40 202 50 0 110 88 76 278 166 116 258 18 290 0 24 4 62
hsa-miR-3928-3p 28 144 0 0 96 152 0 26 0 86 96 40 20 0 34 0 0 80 60 88 0 0 0 0 73 20 3 11 39 12 23 0 0 0 0 41 24 12 5 0 59 15 37 0 0 60 38 0 50 78 136 152 78 94 54 0 0 0 142 6 168 2 0 0 52 58 80 86 0 0 0 20 0 88 12 38 8 64 84 38 0 122 0 20 0 0 154 64 0 6 166 178 1080 290 58 233
hsa-miR-3940-3p 116 80 22 0 7168 150 46 64 82 0 72 256 52 0 348 74 12 72 44 40 154 562 118 86 83 37 68 138 40 29 116 0 19 29 37 7 8 34 61 50 201 23 41 24 210 28 16 96 208 184 26 32 264 90 96 2 8 10 220 272 10 118 0 10 430 596 0 0 32 0 0 134 0 168 52 46 0 108 1460 40 82 388 0 216 52 320 112 282 14 18 210 472 624 204 64 112
hsa-miR-3940-5p 86 0 0 0 70 0 0 0 0 0 0 0 14 0 0 0 0 0 0 0 0 0 0 0 0 0 0 0 0 0 0 0 1 0 0 0 0 0 0 0 0 0 9 0 0 0 16 0 0 0 0 0 0 0 0 0 0 0 0 0 0 0 0 0 0 0 0 0 0 0 0 0 0 0 16 0 0 0 18 0 0 20 0 0 0 0 0 0 0 0 0 0 0 0 0 0
hsa-miR-409-3p 8966 46 24 2842 260 124 540 1606 54 98 66 5140 384 54 300 68 736 166 32 90 1254 136 8662 374 327 56 74 253 160 22 1268 143 327 3 511 393 252 1648 26 243 128 347 46 368 150 472 36 278 66 8 220 3010 1076 766 782 998 888 4110 60 6 186 2 1054 72 6 3124 2 1522 786 858 50 2244 86 478 2910 178 126 8 42 146 2 5388 2588 14 164 662 46 302 458 450 0 80 10 6 0 6
hsa-miR-409-5p 672 2 0 134 0 2 0 40 0 4 0 328 118 0 16 32 118 0 0 62 234 16 506 4 16 0 0 11 93 0 165 31 29 0 5 20 11 126 1 43 0 21 7 28 0 2 0 0 0 0 0 404 66 72 2 24 166 160 0 2 106 0 0 0 2 214 2 76 54 16 0 252 2 14 358 2 22 0 0 0 38 348 78 0 0 58 0 90 0 0 2 0 0 0 0 0
hsa-miR-410-3p 210 0 0 0 138 2 2 0 0 0 0 234 10 0 14 0 154 0 0 104 236 0 238 140 1 0 0 2 10 0 107 0 14 0 5 17 20 121 1 30 12 0 0 22 0 8 2 0 0 2 0 142 76 2 0 24 28 310 4 0 62 0 0 0 0 182 0 20 0 80 0 56 0 38 224 2 2 2 4 6 0 188 98 0 0 36 42 24 0 2 0 0 0 0 0 0
hsa-miR-411-3p 78 0 14 0 34 0 0 42 0 0 4 286 10 0 2 0 12 0 10 0 0 0 436 0 4 7 0 11 0 0 80 0 49 0 11 0 4 61 0 0 0 7 0 44 0 38 0 0 0 2 0 146 80 0 0 78 30 96 0 0 20 0 238 0 0 18 0 0 0 28 0 34 0 26 134 0 0 0 0 0 2 278 70 4 0 66 0 0 0 0 2 0 2 0 0 0
hsa-miR-411-5p 288 4 76 154 74 26 0 106 0 22 2 482 108 0 4 54 104 0 2 0 272 2 644 0 27 51 22 5 26 1 108 25 2 0 97 14 59 247 1 15 0 0 3 20 42 52 0 0 8 4 0 624 92 192 42 184 130 138 0 0 60 0 56 0 0 216 0 126 16 116 0 216 0 46 438 64 30 0 2 4 44 762 234 6 44 410 42 0 0 0 0 0 0 0 0 0
hsa-miR-412-5p 50 0 0 0 0 0 0 0 0 0 2 248 0 0 0 0 0 0 0 0 0 0 98 0 0 0 0 0 0 0 0 0 0 0 0 0 11 0 0 0 0 0 0 0 0 0 0 0 0 0 0 118 0 0 52 0 0 0 0 2 36 0 0 0 0 0 0 0 0 0 0 80 0 0 0 0 0 0 2 0 0 0 14 0 0 14 0 0 0 0 0 0 0 0 0 0
hsa-miR-421 412 262 64 68 670 316 344 210 426 320 78 1282 142 318 652 90 306 190 62 62 192 4 902 306 82 23 53 77 176 40 750 62 140 10 119 64 140 141 83 49 144 202 101 80 78 496 52 254 228 302 46 1974 86 102 148 264 232 498 1458 52 844 142 66 78 228 226 10 230 874 430 90 966 2 432 682 112 84 88 190 132 150 404 116 236 250 538 266 424 4 86 4348 5946 12238 3820 2951 4557
hsa-miR-423-3p 12676 13866 8312 3352 44220 9454 8980 8440 7544 13650 9952 78616 5114 1042 15070 1810 4342 5798 10114 3378 3920 4666 46594 3508 5196 1749 3063 4432 7004 4071 10308 1552 4280 2226 4976 2972 2865 6985 4850 1787 3950 1304 3286 2196 3676 20638 7182 7104 11110 20754 4240 28686 5298 3048 5318 10154 8506 6804 106730 2098 24766 2482 5148 1204 4248 15788 2198 6226 12212 5436 590 9038 744 15910 10072 5660 5968 2872 6064 6086 14800 15406 2300 7926 4358 16540 13064 8856 1832 6924 66890 96650 240522 55790 47068 29705
hsa-miR-423-5p 37600 9870 12414 4066 119640 17280 12270 7908 39142 34668 61250 80070 8482 2382 15024 8756 3104 52316 11480 29814 3682 37896 83416 8230 23429 5405 7817 9851 9807 8056 25869 3873 3260 15897 7180 12497 6559 5433 23515 3550 23973 3283 16962 2888 28734 18714 31352 20640 46336 105380 32320 51974 15828 7896 11314 5576 9528 13410 128810 3688 102990 8146 6626 7938 5558 44464 9604 22054 24132 8948 2914 16322 7784 30752 14592 7178 12222 6430 30086 41916 22178 23208 3038 21196 10692 19836 14144 49204 10270 26774 38360 43390 76842 26776 18527 22352
hsa-miR-424-3p 344 74 202 286 206 452 358 106 638 64 0 736 98 74 74 4 92 4 58 10 174 28 1770 288 48 2 15 28 64 11 132 53 36 39 228 11 367 104 715 71 8 335 75 232 0 600 2822 580 842 8 152 40 114 324 952 116 478 250 192 14 82 60 286 80 8 240 122 346 658 346 22 408 4 66 156 404 1292 1042 32 434 98 436 60 162 402 56 12 60 66 14 4272 5744 9988 2798 994 1875
hsa-miR-424-5p 8 76 392 2 178 338 162 304 78 168 2 948 190 6 22 0 82 6 96 6 78 2 630 234 11 40 12 9 101 74 169 2 23 0 78 1 445 173 148 94 16 128 25 406 2 1230 2318 162 970 22 10 244 38 240 160 188 258 284 402 28 6 6 538 0 10 178 168 14 146 252 2 204 2 48 284 1040 1192 310 56 272 156 414 116 160 364 42 46 10 84 70 2768 3420 11780 1302 1396 466
hsa-miR-425-3p 616 216 118 2 492 230 332 198 130 168 284 1200 104 70 468 46 112 4 180 62 74 114 1060 46 4 14 36 50 143 18 219 4 53 16 31 7 112 139 25 148 46 167 8 24 60 762 30 232 198 128 94 474 138 10 184 266 228 162 1704 82 472 14 122 0 196 244 0 0 466 346 0 350 2 356 278 90 88 0 76 4 132 354 2 190 8 566 418 202 18 96 1622 2712 4486 1618 815 703
hsa-miR-425-5p 7204 13382 3122 2048 12276 7292 7678 6964 3020 6368 4286 56810 3410 504 11768 906 5100 2808 7876 1318 4214 3262 41540 4616 2384 907 1307 3379 5262 1713 9612 730 3221 531 3639 2094 5142 9514 1191 1410 1090 1446 1991 2424 3048 18514 2622 3088 7988 7336 3370 29296 3780 1168 4466 14094 7892 7292 49778 2030 18618 636 5576 476 2516 10784 1296 6134 14704 4972 436 8290 218 9682 14316 4926 4386 1866 2458 2282 4792 20950 3808 7248 3408 11318 8082 6662 1912 3456 49534 58334 132120 28238 18057 11687
hsa-miR-4286 162 0 66 0 82 884 84 56 1742 74 0 68 0 0 2552 56 0 0 36 58 0 28 216 2 0 0 55 12 90 0 183 0 13 0 0 32 0 0 156 0 13 0 826 0 22 48 0 1842 0 0 0 14 420 48 4 116 1238 118 36 0 412 0 0 0 0 18 0 0 0 54 50 46 72 142 104 34 62 40 856 0 2 52 8 2 0 0 2 38 28 140 284 626 336 134 170 76
hsa-miR-431-5p 1864 2 44 330 42 0 0 166 100 18 6 1064 38 4 4 38 102 2 4 2 130 8 1246 64 152 0 34 31 49 12 405 8 68 0 183 101 68 326 22 1 2 28 18 68 208 188 4 54 8 2 2 682 456 60 156 142 128 540 154 0 132 4 52 0 0 1018 0 356 98 222 0 324 0 206 302 2 0 0 6 58 24 1820 166 0 4 528 10 148 0 86 0 0 6 0 2 3
hsa-miR-432-5p 1154 0 0 66 44 0 106 0 0 2 16 200 46 56 34 0 34 0 0 2 142 0 308 62 46 1 10 3 18 0 59 19 22 0 39 41 12 89 1 4 1 39 0 32 0 74 0 80 0 0 0 160 60 0 78 52 62 412 0 2 0 0 174 0 0 450 0 0 42 30 0 352 0 0 100 2 0 2 0 2 0 284 50 2 0 90 0 62 2 118 0 2 0 2 0 0
hsa-miR-433-3p 530 0 0 0 2 2 104 42 0 0 10 368 36 0 12 0 12 2 0 0 70 0 788 16 2 13 0 13 0 1 138 1 17 0 35 5 0 127 1 0 10 0 0 8 36 84 0 42 2 0 62 248 16 0 0 48 22 266 0 0 0 0 60 0 0 248 0 62 60 74 0 140 0 2 48 2 4 0 0 28 16 62 88 22 2 70 2 0 0 0 0 0 0 0 0 0
hsa-miR-4433b-3p 500 0 0 0 16 0 0 0 0 0 56 408 0 0 0 0 0 0 0 0 0 0 0 2 0 0 9 6 0 0 0 0 0 0 0 0 0 0 0 30 0 0 0 0 0 0 2 0 0 0 2 0 34 0 0 0 0 0 0 0 94 0 0 52 0 0 0 2 0 40 0 0 0 0 0 0 0 0 78 100 0 184 0 0 0 54 0 0 0 0 0 0 0 0 0 0
hsa-miR-4433b-5p 14740 20 74 2322 434 264 1592 886 254 92 118 13248 274 64 572 382 1328 10 126 362 600 86 16034 894 392 105 183 371 67 39 943 110 57 4 986 312 443 962 118 160 240 317 62 736 306 1256 28 120 132 86 1466 1158 690 106 560 304 434 4152 1214 78 708 4 4388 100 14 1718 198 2184 1902 1766 4 2716 150 892 2080 500 684 6 756 542 76 5696 964 32 226 758 70 4934 416 1128 4 14 18 12 6 6
hsa-miR-4443 358 432 274 8 324 108 96 48 996 112 174 260 418 0 166 184 64 114 172 74 158 688 70 68 123 18 24 95 44 90 53 59 97 14 48 14 229 55 102 59 613 10 97 86 174 192 112 346 356 242 258 438 298 148 106 98 82 94 652 12 384 34 2 158 150 744 0 14 74 24 0 4 34 234 152 220 278 72 238 488 452 182 32 588 262 458 496 40 2 20 66 342 350 60 34 48
hsa-miR-4446-3p 328 0 0 0 50 0 0 30 0 0 0 308 0 0 0 0 0 0 12 0 2 0 468 8 17 0 2 0 0 0 41 0 25 0 5 21 3 11 15 0 1 1 11 14 0 76 0 128 70 30 100 138 30 0 0 74 22 0 214 0 4 0 0 0 2 40 0 2 64 2 0 146 0 2 0 30 0 6 0 68 2 20 74 0 78 0 2 38 0 16 222 174 396 336 118 234
hsa-miR-4449 606 240 188 748 646 184 34 162 242 268 120 370 504 34 90 350 2 334 228 804 2 288 130 96 13 51 152 59 1257 13 269 286 190 121 19 151 203 32 88 112 911 135 174 32 146 284 228 194 300 166 126 412 668 140 48 380 146 84 634 172 166 56 224 68 198 380 486 184 246 374 0 0 12 350 30 236 264 24 364 226 380 216 0 388 872 206 1692 1358 60 222 198 184 452 132 68 104
hsa-miR-4458 32 70 0 0 154 138 0 68 54 2 44 232 36 2 6 28 38 558 10 156 0 102 72 26 55 12 9 10 49 40 366 1 0 22 2 11 163 0 3 0 0 0 28 2 14 186 26 0 90 72 0 142 8 100 36 34 10 0 136 0 434 0 0 38 2 74 0 106 66 0 0 0 0 28 24 42 52 26 266 220 24 36 0 102 68 72 18 196 222 60 118 86 122 0 0 74
hsa-miR-4466 2 0 0 0 76 26 0 0 0 0 0 0 0 0 12 0 0 48 0 48 2 42 0 2 0 0 37 0 0 0 0 0 0 17 0 0 0 0 0 0 0 0 3 0 2 0 0 0 64 6 0 48 0 0 20 0 0 0 0 0 90 0 0 0 0 0 0 0 0 0 0 0 0 34 0 0 18 0 148 0 0 0 0 0 0 0 18 46 0 16 12 0 108 86 0 25
hsa-miR-4484 2 70 0 0 282 108 0 0 0 46 0 94 0 0 48 0 2 172 34 50 2 72 60 0 77 3 5 9 0 3 3 0 1 0 15 0 15 0 29 0 40 28 175 6 18 8 4 20 2 44 130 36 34 0 4 8 4 0 184 0 106 0 0 10 0 36 16 2 52 0 0 16 0 182 2 18 12 4 40 2 64 52 92 0 20 98 138 68 0 84 114 494 348 22 100 199
hsa-miR-4485-3p 178 4840 1068 1824 2254 960 3110 1344 76 1108 944 2070 216 34 4166 4576 5060 3130 586 2234 10 230 1034 1130 3505 82 187 58 790 1205 363 633 1651 48 1259 211 6827 1442 91 73 896 962 41 5994 296 1520 202 122 6650 516 1168 2646 1440 1964 1918 778 1182 790 1682 418 2022 1260 388 16 198 506 5066 1068 296 248 752 3880 40 902 10190 5650 5680 606 1778 1520 2042 1112 182 1042 2348 1306 2138 618 18992 10582 276 274 1008 338 354 171
hsa-miR-4488 26 0 290 358 390 120 82 2 44 34 38 38 368 104 20 18 2 48 46 68 54 12 2 0 89 0 30 29 213 56 16 55 64 0 1 12 104 0 14 0 640 29 9 0 4 154 28 58 64 14 4 26 10 0 82 264 0 2 604 0 0 0 98 0 604 170 0 2 2 634 54 0 0 4 82 0 10 0 22 42 156 0 0 16 554 70 754 104 0 26 92 2 188 42 78 86
hsa-miR-4491 28 0 88 0 256 4 0 2 108 138 16 278 4 0 118 2 4 44 116 86 0 0 12 0 38 22 0 23 58 2 19 3 20 20 29 3 0 35 28 6 74 0 141 8 12 18 44 110 0 98 42 66 22 0 4 0 0 0 726 0 212 78 0 2 2 32 0 86 196 40 0 16 10 226 248 18 44 0 50 66 0 40 0 72 0 40 106 88 0 20 628 1152 2936 700 310 379
hsa-miR-4492 16 2 84 142 118 28 0 0 60 0 0 0 30 36 2 0 0 0 0 4 0 0 0 0 8 0 0 1 46 27 3 68 56 0 2 6 16 0 0 0 312 13 0 2 14 6 0 0 44 0 2 2 26 62 8 54 0 0 46 0 8 14 60 0 120 68 0 0 0 12 0 0 68 0 8 0 2 0 0 0 216 0 10 28 50 46 232 0 0 24 26 0 4 0 2 0
hsa-miR-4508 108 0 136 260 470 2 0 0 26 0 14 28 172 34 38 0 0 24 4 0 0 30 0 0 0 0 11 7 73 55 35 25 34 12 3 28 0 0 8 0 343 0 0 0 0 0 14 52 88 14 4 0 30 0 60 60 2 0 400 0 2 0 0 14 134 328 0 0 112 88 0 0 42 40 48 4 20 0 22 38 72 0 36 14 194 80 580 74 0 0 2 0 162 2 0 0
hsa-miR-450a-1-3p 58 0 20 0 0 0 0 0 0 0 4 48 0 0 0 0 0 0 0 0 0 0 0 0 0 0 0 0 1 0 0 0 0 0 13 0 53 0 0 0 0 0 0 0 0 0 6 2 60 0 0 0 2 0 0 0 26 0 80 0 0 2 0 0 2 0 0 0 0 2 0 0 0 0 0 20 18 36 0 0 0 28 0 0 0 0 0 0 0 0 66 0 188 2 0 50
hsa-miR-450a-2-3p 2 28 74 0 2 108 2 0 0 0 0 58 0 0 0 2 0 2 0 0 0 0 0 0 14 0 0 0 5 0 0 0 0 0 0 0 0 18 6 0 1 101 0 0 0 20 22 60 60 0 0 38 0 0 2 26 26 0 6 0 0 0 68 100 0 66 0 28 0 50 0 44 0 0 0 28 2 28 2 14 0 54 56 48 0 72 2 0 0 0 316 368 452 68 175 83
hsa-miR-450a-5p 2 54 220 0 48 388 2 196 60 80 70 568 104 48 18 0 44 2 146 90 124 0 302 180 55 27 3 12 26 24 97 2 73 0 30 1 230 157 379 34 35 64 16 142 0 450 1308 152 1098 38 0 302 78 16 490 54 266 94 258 0 6 0 210 6 2 268 100 6 244 148 2 32 0 56 140 162 238 170 6 6 128 216 0 208 220 82 136 20 0 80 1982 2044 5858 966 1270 453
hsa-miR-450b-5p 136 142 238 234 130 818 506 424 280 20 4 1136 128 164 78 4 612 14 80 8 82 2 492 414 48 92 17 22 59 13 62 17 46 0 204 1 355 455 294 138 9 667 17 38 20 594 348 690 696 4 232 224 68 492 1204 426 522 210 572 0 30 6 360 16 4 466 128 168 644 306 4 92 6 58 416 190 156 500 6 100 268 132 118 120 26 296 54 124 196 40 6598 7366 12800 1794 2800 2288
hsa-miR-4511 52 0 0 0 2 0 0 0 0 0 0 0 0 0 14 0 0 0 0 0 0 0 44 76 0 0 0 0 0 0 0 0 0 0 0 0 0 0 0 0 0 0 0 28 0 0 0 0 0 0 0 8 0 0 0 0 2 0 0 0 0 0 0 0 0 0 0 0 0 0 0 0 0 0 0 0 0 0 0 2 0 0 0 0 0 0 0 2 0 0 64 86 80 28 0 22
hsa-miR-4517 4 214 0 82 144 200 0 0 6 370 0 184 50 0 22 0 0 66 52 8 0 0 52 0 73 18 0 25 87 39 1 2 9 0 3 0 24 36 0 0 1 0 6 50 0 52 22 4 40 140 238 684 144 60 4 212 0 2 458 2 426 0 4 8 64 256 2 2 2 130 0 0 0 240 40 224 160 0 10 0 2 166 52 2 352 54 296 86 2 34 2010 2128 3154 402 412 391
hsa-miR-451a 2268 3952 18862 5140 2138 35078 6658 15552 13164 19132 4806 22568 1528 898 32474 1836 77814 1668 9958 1288 23410 554 42460 19732 8750 1164 1567 1805 10331 2113 4665 4985 24007 97 2688 3957 10922 12922 8964 5116 368 11345 574 9186 1806 17454 898 18248 1644 1376 13308 8368 4934 8570 13192 29078 3968 23788 21144 1770 3154 2652 13166 1320 302 12170 2602 14272 51176 120266 1226 9310 646 15466 369622 5352 4478 6132 3086 780 2842 14762 16546 2960 59338 9178 10550 2298 3034 5840 50 90 158 48 51 42
hsa-miR-452-3p 2 42 148 72 4 146 0 2 92 2 0 86 32 10 0 0 72 0 28 0 0 0 124 70 67 14 8 18 8 0 0 0 1 0 30 0 107 22 0 0 0 13 13 0 0 32 6 34 2 4 0 0 34 0 112 0 206 0 88 2 0 0 0 22 0 24 0 0 54 0 42 48 2 0 88 52 126 0 54 0 62 78 0 14 18 10 0 42 36 0 0 0 102 0 0 0
hsa-miR-452-5p 94 132 164 196 26 468 20 230 168 42 0 472 102 88 0 20 8 70 34 2 120 0 566 54 40 20 13 9 29 0 24 13 25 0 46 32 64 12 0 0 1 76 0 10 0 38 4 596 0 0 150 0 130 208 362 64 494 194 270 0 2 0 110 66 0 256 0 124 24 114 72 132 0 36 180 206 98 0 2 2 74 100 0 132 260 98 88 70 122 0 34 100 182 2 163 24
hsa-miR-4521 214 518 220 42 2256 806 88 100 34 16 1004 868 228 58 352 188 42 890 828 276 16 606 474 234 479 246 327 237 462 69 1313 30 82 133 93 18 1323 210 405 150 214 88 245 46 224 512 542 310 708 82 696 736 234 424 394 336 308 66 1066 162 2312 8 108 8 64 126 336 250 400 150 12 354 88 2342 444 112 266 28 934 262 126 148 32 468 430 504 262 1588 374 72 22700 25858 69522 16490 27051 19210
hsa-miR-4523 58 0 0 0 0 0 0 0 0 0 0 0 0 0 20 0 0 0 0 0 0 0 0 0 0 0 0 0 0 0 0 0 0 0 0 0 0 0 0 0 0 0 0 0 0 0 0 0 0 0 0 0 0 0 0 0 0 0 0 0 0 0 0 0 0 0 0 0 0 0 0 0 0 0 0 0 0 0 0 0 0 0 0 0 0 0 0 0 0 0 0 0 0 0 0 0
hsa-miR-4532 94 2 12 0 86 42 0 0 0 12 0 12 8 0 0 0 0 0 0 0 0 0 0 0 36 0 2 0 55 14 16 0 44 0 0 0 1 0 0 0 32 0 2 0 0 0 0 174 0 12 0 0 0 0 0 58 0 0 28 0 0 0 0 0 94 0 0 0 0 0 42 0 0 0 4 0 0 0 0 0 0 0 0 4 32 0 88 0 0 0 0 0 0 6 15 0
hsa-miR-4536-5p 40 0 0 0 0 0 0 0 0 0 0 14 0 0 2 0 56 0 16 0 0 0 0 0 0 0 0 0 14 0 13 0 40 0 0 0 0 25 0 0 0 12 15 0 0 0 36 0 0 50 0 34 0 0 0 4 0 0 40 2 12 0 0 0 0 8 0 0 0 0 0 0 0 32 0 0 20 0 2 0 34 14 0 18 0 100 0 0 0 0 0 0 0 0 0 0
hsa-miR-454-3p 1492 4290 990 540 1082 1436 786 1208 1924 2128 1642 6428 264 302 3912 358 776 884 1102 464 704 330 3926 806 654 223 233 491 949 153 3078 66 155 91 531 282 1214 961 444 388 215 342 771 262 554 2304 858 1688 1140 3072 782 7360 450 604 856 842 896 772 3280 608 4626 578 828 272 628 2390 280 358 2436 856 220 1758 82 2854 2094 842 1078 600 286 830 798 990 492 258 1006 796 4990 1484 602 508 12220 17864 43262 10948 10795 8056
hsa-miR-454-5p 74 184 0 0 24 104 0 0 88 0 110 192 0 0 58 2 34 2 24 2 2 88 204 0 10 0 0 6 70 1 61 1 6 6 20 0 3 74 1 33 1 34 0 4 40 130 44 42 24 24 4 262 40 4 36 78 4 32 94 2 26 0 6 36 0 88 54 70 50 88 0 0 2 152 0 16 24 0 18 16 70 34 74 0 4 58 50 0 30 70 1572 1668 3250 840 1059 1137
hsa-miR-4659a-3p 18 0 34 0 0 2 0 0 62 42 0 74 0 0 10 0 0 0 0 0 0 20 110 0 0 0 0 0 0 0 0 0 0 0 0 0 0 13 16 0 0 0 0 0 0 0 0 152 0 0 0 0 0 0 0 34 2 0 102 0 0 0 0 0 0 34 0 32 40 0 0 0 0 34 0 0 2 0 30 0 2 0 0 0 0 66 0 54 0 0 90 282 238 70 0 29
hsa-miR-4659b-3p 30 0 0 2 0 0 0 0 0 0 0 60 0 0 0 0 0 0 0 0 0 20 218 0 0 0 12 6 0 0 7 16 2 0 0 6 14 3 0 0 0 4 0 0 0 68 0 10 0 0 0 18 0 0 0 40 0 0 0 0 0 0 0 0 0 0 0 12 40 88 0 0 0 36 0 0 0 0 0 46 0 14 8 2 0 0 0 54 0 0 0 0 0 0 0 0
hsa-miR-4668-3p 156 0 0 0 0 0 0 0 0 0 0 0 0 0 0 0 0 0 0 0 0 0 0 0 0 0 0 0 0 0 0 0 0 0 0 0 0 0 0 0 0 0 0 0 0 0 0 0 0 0 0 0 0 0 0 26 0 0 0 0 0 0 0 0 0 0 0 0 0 0 0 0 0 0 0 0 0 0 32 0 0 0 0 0 0 0 0 0 0 0 6 0 0 0 0 0
hsa-miR-4677-3p 38 0 0 0 28 0 88 2 2 42 0 128 2 0 86 2 18 18 28 0 0 0 68 8 16 0 21 0 34 0 11 0 9 18 5 11 6 5 7 2 0 1 10 0 0 0 0 0 52 10 82 0 2 0 2 10 0 0 536 0 138 0 0 0 2 12 0 0 12 0 0 0 0 22 150 20 36 2 0 2 0 2 0 6 24 70 38 0 0 30 254 264 272 68 10 7
hsa-miR-4685-3p 36 118 10 80 112 110 42 60 114 2 132 0 18 0 160 68 0 14 14 72 0 50 86 70 5 23 0 3 20 10 20 7 16 7 3 3 11 0 21 0 52 7 22 0 18 58 64 20 48 88 228 40 28 0 0 28 0 0 216 16 120 0 2 46 0 8 0 24 38 0 0 42 4 34 24 58 26 0 30 2 0 66 48 50 20 34 8 30 130 0 42 138 48 64 0 0
hsa-miR-4690-3p 2 0 0 0 0 0 0 0 0 0 0 0 0 0 0 0 0 0 0 0 0 0 0 0 1 0 0 0 0 0 0 0 0 0 0 0 0 0 0 0 0 0 0 0 0 0 0 0 0 0 0 0 0 0 0 0 0 0 0 0 0 0 0 0 0 0 0 0 0 0 0 0 0 0 0 0 26 0 0 0 0 0 0 0 0 0 0 0 0 0 0 0 64 0 0 41
hsa-miR-4709-3p 96 0 0 0 0 0 0 0 0 0 0 0 16 0 0 0 0 0 2 0 0 0 0 0 0 0 3 0 0 0 8 0 0 0 0 0 0 0 0 0 0 0 0 0 0 16 0 0 8 0 0 0 2 0 0 0 16 0 0 0 0 0 0 0 62 0 0 0 0 0 0 14 34 2 0 0 0 0 0 0 0 0 0 0 0 0 0 0 0 0 0 0 0 0 0 0
hsa-miR-4713-5p 2 0 0 0 0 0 0 0 0 0 0 0 0 0 0 0 0 0 0 0 0 0 0 0 0 0 0 0 0 0 0 0 0 0 0 0 0 0 0 0 0 0 0 0 0 0 0 0 0 0 0 0 0 0 0 0 0 0 0 0 0 0 0 0 0 0 0 0 0 0 0 0 0 0 0 0 0 0 0 0 0 0 0 0 0 0 0 0 0 0 116 168 160 0 16 20
hsa-miR-4743-5p 20 2 0 0 0 0 0 0 0 0 0 0 0 0 18 0 0 24 0 0 0 0 0 0 0 0 0 0 0 0 0 0 0 0 0 0 0 0 0 0 0 0 0 14 14 0 2 0 0 0 0 0 0 0 0 0 0 0 0 0 0 0 0 0 0 0 0 0 0 0 0 0 0 0 0 0 0 0 0 0 0 6 8 0 2 0 20 0 0 0 0 0 0 0 0 0
hsa-miR-4746-5p 86 0 0 0 36 0 0 52 2 0 0 22 0 0 0 0 0 0 0 0 0 0 68 0 0 0 0 3 0 0 0 0 0 0 0 0 0 12 0 0 1 0 1 0 0 0 0 0 0 30 52 32 0 0 0 0 0 0 0 0 108 0 66 0 0 2 0 0 0 0 0 0 0 0 0 0 0 0 0 0 0 0 0 0 0 0 0 0 0 22 72 208 248 146 32 65
hsa-miR-4772-3p 90 2 0 40 0 82 10 0 28 82 2 74 0 0 0 2 70 0 12 0 0 0 0 18 0 24 1 1 66 9 15 0 8 0 0 3 3 128 16 0 1 19 2 4 0 88 0 0 28 0 126 30 0 44 22 0 92 84 208 28 0 0 0 0 0 0 10 0 22 50 0 4 0 120 182 0 0 194 0 0 72 4 34 22 0 32 0 0 40 18 0 0 0 0 0 0
hsa-miR-4791 52 140 160 36 506 336 0 188 92 486 48 270 104 26 164 0 18 76 126 26 414 18 106 20 177 40 9 0 37 32 194 70 32 1 20 6 170 159 0 10 64 44 43 2 14 22 124 222 54 168 450 372 388 84 30 442 38 0 770 8 100 0 0 0 60 430 42 86 20 80 0 6 0 312 188 0 194 0 24 2 248 232 0 138 118 8 784 0 62 32 150 90 232 38 22 60
hsa-miR-4796-3p 2 24 0 56 2 0 0 0 0 28 0 0 0 0 38 0 0 0 40 0 0 54 0 0 33 0 0 0 0 7 0 0 0 0 0 0 0 0 0 0 0 0 0 0 0 0 0 0 4 48 0 68 0 0 0 0 0 0 116 0 0 0 0 0 0 40 0 0 0 0 0 0 0 0 28 0 0 0 0 0 0 8 0 0 0 0 0 26 0 50 0 0 0 22 0 0
hsa-miR-484 3908 6504 3106 1546 26348 11472 3918 2278 2948 6630 5158 16146 2232 1010 5772 766 1486 6640 1808 3142 1204 3060 12072 3222 5273 922 903 920 4234 986 4058 839 2019 1218 1048 1329 2596 1358 2008 605 1588 2043 4110 600 5742 8222 12686 3326 5986 4544 4548 14914 2800 1376 2620 3058 3302 1000 27442 1426 20344 602 1212 608 2426 7248 966 1842 3164 2534 868 2320 148 4030 3724 2196 2318 3350 2932 4800 2922 5614 546 2790 2430 8758 10688 5640 1694 582 14612 20360 23856 7716 7811 10162
hsa-miR-485-3p 4096 6 72 376 6 4 86 264 0 2 30 662 48 12 16 52 242 2 6 0 14 102 1664 160 93 23 3 27 18 12 323 35 84 1 151 190 55 387 0 58 27 17 34 72 104 252 0 42 2 28 46 630 538 80 236 112 64 1362 62 2 166 0 234 10 2 678 2 324 42 164 0 784 0 74 602 10 2 0 12 138 30 1090 382 0 2 68 0 70 50 60 2 2 4 2 0 0
hsa-miR-485-5p 710 0 62 286 0 2 0 38 64 0 0 210 58 0 2 0 0 2 6 0 0 0 564 28 1 0 0 13 0 1 25 25 67 0 27 31 0 46 0 0 0 0 1 6 0 12 0 0 0 2 0 248 76 2 42 18 2 74 0 0 54 0 24 24 0 170 2 4 0 0 2 162 0 2 116 0 0 0 0 2 0 46 236 0 0 0 4 54 0 26 0 0 0 0 2 0
hsa-miR-486-3p 364 0 0 0 2 0 48 0 148 0 56 216 20 0 6 2 26 0 14 110 0 16 438 130 0 2 9 144 34 0 30 0 0 0 19 4 14 47 1 2 0 0 0 0 40 48 20 0 0 674 28 32 66 0 94 40 20 204 94 0 32 6 72 0 0 46 0 0 438 2 0 2 0 62 304 0 112 0 36 0 0 4 88 4 130 62 4 24 0 252 0 0 0 0 0 0
hsa-miR-486-5p 28406 1024 3580 6266 2134 8332 6846 3570 31898 12496 1770 45886 1582 560 4730 1338 15456 558 2402 1654 11922 372 73118 26586 3695 1130 1702 6601 2201 567 2376 3318 4010 70 3593 5029 6006 6566 6845 3940 937 5457 843 3068 1756 8890 754 31314 1010 9730 12540 5996 6028 7154 9408 7590 4548 20362 8454 738 4948 2938 13156 4454 220 8598 2048 8802 39256 14026 2212 13590 938 7830 75878 2960 4818 2166 2000 3936 2224 11956 6014 1962 8224 5194 5740 12950 1540 6088 178 68 168 36 61 46
hsa-miR-487a-3p 54 0 2 2 0 32 0 58 2 0 0 210 10 0 2 0 34 0 0 0 0 2 196 16 0 0 0 3 4 0 69 0 10 0 1 1 15 52 0 0 0 0 0 0 0 0 0 0 0 0 0 88 20 104 44 94 2 30 0 0 0 0 0 0 0 44 0 148 0 2 0 68 0 0 0 0 0 0 0 0 0 262 156 0 0 0 0 0 0 0 0 0 0 0 0 0
hsa-miR-487b-3p 2916 46 46 610 90 130 170 858 0 46 18 2612 298 30 208 18 458 2 6 122 930 26 3702 150 208 59 54 114 135 16 787 90 321 4 228 181 274 1926 22 52 39 121 28 388 122 520 28 70 6 10 58 2856 892 274 414 434 338 1506 32 50 260 2 706 2 60 2422 4 460 312 688 0 1104 22 156 2424 8 86 2 10 6 146 4452 1458 14 146 752 224 222 110 362 0 6 4 0 3 0
hsa-miR-489-3p 2 0 0 0 0 0 208 0 0 0 0 0 0 0 0 0 32 2 0 0 0 0 92 0 0 0 0 0 9 0 0 1 0 0 5 0 0 56 0 1 0 0 0 0 14 0 0 0 2 0 0 0 0 0 0 0 0 0 314 0 0 0 0 0 0 0 0 0 42 0 0 0 0 2 0 0 0 0 0 0 0 0 0 0 2 0 0 0 0 0 0 60 136 18 46 67
hsa-miR-493-3p 332 0 2 48 118 2 102 118 0 2 14 158 0 0 20 0 46 12 20 0 58 2 202 0 75 24 0 3 22 0 72 0 49 0 0 60 0 26 0 0 0 57 0 18 32 124 0 0 0 0 0 238 118 70 0 58 52 140 2 2 0 0 50 0 2 290 0 168 0 10 0 96 0 2 60 0 2 0 4 0 0 318 64 2 0 6 2 58 0 20 0 0 46 0 0 0
hsa-miR-493-5p 4634 2 130 1112 176 320 82 204 4 30 26 2260 358 0 24 0 412 4 12 30 902 2 3322 200 233 34 34 139 125 1 774 206 119 5 266 143 204 1542 88 132 5 172 4 324 102 190 26 2 46 6 48 2322 1270 276 586 226 302 2036 10 0 172 0 686 68 6 2248 2 680 222 536 0 1312 10 56 2018 34 4 2 18 84 40 3560 1126 22 30 514 48 262 172 112 0 2 4 2 3 0
hsa-miR-494-3p 2480 28 0 560 42 112 4 122 122 44 48 1878 290 0 30 36 386 0 4 68 296 6 2372 222 75 6 23 48 48 15 395 71 226 1 194 90 209 781 32 44 2 93 2 80 68 278 0 36 22 4 158 1970 538 266 180 282 274 956 110 8 130 0 164 0 0 1718 122 592 140 184 0 1220 0 110 1104 72 6 0 6 92 48 1766 630 6 80 494 14 250 2 186 2 2 2 0 61 31
hsa-miR-495-3p 2120 16 134 900 100 34 188 386 92 24 74 1578 176 18 92 0 172 26 2 80 310 62 3200 46 87 48 17 49 85 10 683 21 114 2 191 87 63 1005 12 62 10 56 53 164 36 190 0 92 12 58 6 2282 344 164 306 290 398 1540 98 4 110 0 492 4 0 1278 0 634 100 386 0 1004 0 68 1190 6 24 0 16 20 56 2406 502 10 68 536 8 42 0 78 0 4 8 2 2 0
hsa-miR-499a-5p 2 710 162 2 974 310 126 160 92 350 46 1162 224 138 278 16 86 32 360 50 64 28 152 48 167 39 38 102 276 102 1213 78 96 36 15 1 267 240 40 92 171 41 79 30 144 174 162 2 210 494 140 746 162 86 140 126 50 150 4050 136 84 120 72 24 86 240 2 102 346 100 20 110 0 628 1398 222 216 92 116 48 458 56 94 70 230 1290 464 282 0 86 284 32 570 46 233 53
hsa-miR-500a-3p 408 2462 342 44 302 794 752 624 1862 538 660 1804 152 36 2438 90 488 124 634 108 584 112 1104 428 939 119 107 600 481 65 667 5 138 55 331 119 167 282 279 223 32 167 205 86 90 872 460 396 1214 1286 232 2360 526 326 460 464 758 264 4516 480 2320 724 472 234 468 2028 30 180 704 502 2 470 28 5152 1078 478 460 160 234 272 2780 558 128 236 1042 1314 2990 1214 154 774 1874 1852 3256 856 1085 1145
hsa-miR-500a-5p 44 162 34 0 16 170 140 58 218 108 78 208 88 50 426 16 32 20 160 2 0 30 134 120 127 0 6 53 7 9 49 2 14 6 32 19 0 18 18 19 8 15 24 10 0 70 50 106 178 34 116 408 124 0 4 60 34 0 920 0 414 164 176 76 62 330 4 0 116 76 4 110 0 538 124 14 28 0 6 176 256 96 16 36 2 88 352 326 2 4 798 1452 816 488 374 383
hsa-miR-500b-5p 44 162 34 0 16 170 140 58 218 108 78 208 88 50 426 16 32 20 160 2 0 30 134 120 127 0 6 53 7 9 49 2 14 6 32 19 0 18 18 19 8 15 24 10 0 70 50 106 178 34 116 408 124 0 4 60 34 0 920 0 414 164 176 76 62 262 4 0 116 76 4 110 0 538 124 14 28 0 6 176 94 96 16 36 2 88 352 326 2 4 768 1452 816 488 374 383
hsa-miR-501-3p 500 1624 342 196 188 448 756 76 1836 116 418 1566 236 18 1586 222 462 82 308 138 230 92 1556 528 527 31 91 533 356 50 273 0 136 50 278 63 100 182 369 153 4 244 130 64 20 480 224 422 1196 550 254 1652 96 344 196 268 458 340 3724 178 1770 568 248 110 300 1014 194 92 768 264 136 442 24 2636 522 304 406 42 182 148 1030 506 42 142 404 494 1478 1038 130 264 2682 2162 3906 974 1680 998
hsa-miR-501-5p 96 112 46 0 108 0 0 0 252 4 24 290 44 0 428 0 50 0 0 166 42 0 158 0 126 25 0 46 48 1 37 70 12 0 1 0 32 76 99 16 27 34 1 4 0 62 16 72 218 96 2 146 50 4 50 20 58 166 572 74 694 74 0 30 34 158 4 0 106 114 0 224 4 470 58 22 32 18 16 38 174 52 46 2 36 84 212 80 0 134 590 1322 926 178 504 538
hsa-miR-5010-3p 26 0 0 0 106 20 0 0 0 16 2 110 0 0 56 24 0 2 2 0 2 0 144 0 0 0 0 5 10 0 0 0 0 6 0 0 11 0 5 33 0 0 128 0 14 40 0 0 0 0 0 28 26 0 0 0 0 0 200 16 16 0 0 0 0 2 0 0 126 0 0 0 0 64 0 0 18 0 12 0 68 0 0 22 0 0 0 50 0 0 0 0 126 0 0 55
hsa-miR-502-3p 484 2764 396 94 424 1138 612 616 2374 730 592 1712 218 2 2858 198 542 84 622 104 498 110 1184 792 981 44 171 553 437 81 689 10 104 76 243 104 169 356 335 329 40 257 203 128 10 1032 446 478 1556 1512 254 2238 410 306 668 550 710 116 5726 468 2446 1110 500 124 456 2096 6 112 720 454 52 590 18 5394 1360 868 502 300 282 374 2644 798 256 350 946 1144 3396 1316 186 924 1442 2034 2642 758 1311 927
hsa-miR-503-5p 208 40 370 4 68 86 6 136 150 40 6 832 34 114 82 30 112 18 80 12 124 6 326 36 74 10 4 19 2 4 87 3 18 10 37 4 582 52 284 14 10 57 141 628 94 446 1962 224 766 6 4 66 66 222 138 20 16 242 254 6 24 0 184 6 50 110 6 90 384 204 2 344 4 120 78 740 992 1230 50 56 30 680 58 4 122 2 52 206 4 8 4110 6444 17846 3906 2509 2186
hsa-miR-505-3p 1898 692 334 608 972 968 748 12 1580 1916 258 4718 216 342 2694 314 636 40 458 216 418 194 4176 792 487 45 140 313 436 168 1124 306 440 70 268 147 547 1301 386 270 177 186 295 58 322 1678 372 1148 976 1710 310 1738 410 516 398 578 754 1140 4908 78 2812 218 866 132 232 554 124 148 1362 886 6 1288 74 900 1806 508 224 364 212 698 782 904 400 558 234 510 626 886 612 428 7406 10484 19260 4580 5098 6042
hsa-miR-505-5p 56 52 0 0 20 134 0 2 2 70 24 128 0 0 136 0 10 0 6 92 0 0 202 60 19 10 1 4 0 53 172 23 46 52 12 0 49 66 74 35 185 0 0 0 70 42 44 82 238 388 0 134 22 0 0 0 2 0 122 0 178 58 0 0 0 44 2 0 52 0 0 36 118 116 74 38 72 0 72 174 114 86 0 54 0 70 48 64 0 0 128 336 212 58 23 75
hsa-miR-506-3p 132 2 1832 80 356 330 74 16 128 0 0 114 8 28 454 84 0 230 0 488 80 0 346 2 1 0 0 2 42 63 1 62 0 52 9 2132 17 2 21 29 96 80 1 4 34 4 34 100 2 0 132 170 18 126 226 362 0 38 656 0 180 58 48 40 192 216 100 82 0 2 44 0 50 198 0 4 0 410 0 202 116 4 0 2 176 2 674 124 62 0 22054 27852 281760 75998 170198 125755
hsa-miR-506-5p 2 0 2 4 4 8 0 0 0 0 0 0 0 2 34 4 0 10 0 12 2 0 18 0 0 0 0 0 0 0 0 3 0 0 0 7 0 0 0 1 3 3 0 0 0 0 0 4 0 0 2 0 0 16 4 0 0 4 32 0 8 0 0 2 10 2 2 6 0 0 2 0 0 12 0 0 0 2 0 6 6 2 0 0 6 0 46 4 0 0 700 906 17686 2398 4911 3165
hsa-miR-507 2 0 58 2 6 2 0 0 2 0 0 0 0 0 8 2 0 2 0 14 0 0 0 0 0 0 0 0 0 0 0 1 0 0 0 2 0 0 0 2 1 1 0 0 0 0 0 6 0 0 4 10 0 0 2 0 0 0 8 0 2 0 0 0 10 2 2 0 0 0 0 0 0 4 0 0 0 0 0 2 4 0 0 0 4 0 64 10 0 0 280 214 4962 1042 1419 1184
hsa-miR-508-3p 270 28 5056 168 664 588 174 60 212 116 2 216 0 88 922 158 4 554 16 4306 178 4 534 2 5 3 0 1 296 125 0 109 16 133 121 4552 3 2 30 52 207 114 1 2 2 2 32 262 22 6 240 358 188 270 314 482 50 102 1424 56 260 100 112 94 384 520 212 198 2 2 72 42 104 384 392 8 4 448 2 412 248 96 74 4 376 8 1418 290 148 2 50860 53322 689984 156442 262857 211838
hsa-miR-508-5p 14 0 42 14 60 58 6 0 12 0 0 0 0 4 56 14 0 26 0 68 4 0 38 0 0 0 0 0 0 4 0 9 0 30 9 85 0 0 0 2 10 14 0 0 0 0 0 20 2 0 22 0 0 14 20 0 0 20 100 0 36 12 4 6 30 40 22 6 0 0 10 0 10 28 0 0 0 16 0 38 12 2 0 0 24 0 50 18 10 0 3376 3900 62586 15972 17756 16302
hsa-miR-509-3p 104 86 34 0 0 88 0 4 0 70 2 48 0 0 0 0 0 2 2 370 0 0 164 2 0 0 0 0 5 3 0 0 1 2 9 1069 0 1 17 0 0 0 0 0 0 48 0 0 2 0 0 18 6 0 0 0 2 0 278 0 0 18 0 0 0 0 0 0 0 0 0 0 76 0 0 0 2 0 0 2 6 0 0 20 0 0 70 0 0 2 2 2 98 66 60 329
hsa-miR-5090 30 28 0 0 76 60 2 0 88 46 152 92 0 0 90 0 0 2 30 66 0 12 0 46 0 13 25 11 0 7 1 0 10 0 17 0 5 25 1 0 163 0 21 4 42 2 0 138 18 10 0 36 76 0 24 0 0 0 122 40 200 0 0 0 98 128 58 40 0 0 0 2 0 136 106 0 12 0 14 0 0 14 6 66 58 0 0 30 0 0 28 54 20 54 0 3
hsa-miR-5100 40 78 50 0 96 180 0 76 48 0 102 88 128 110 160 70 2 166 102 240 12 72 2 16 10 64 9 31 13 27 23 33 55 25 29 7 15 0 0 0 25 72 27 12 24 54 14 32 4 30 0 82 2 48 120 94 24 70 468 16 56 0 0 0 42 100 58 52 6 12 0 20 0 20 260 86 278 0 86 4 58 70 0 290 76 114 150 4 0 22 2 52 24 0 0 1
hsa-miR-513a-3p 42 38 208 38 16 1292 0 356 62 0 216 196 18 20 34 2 0 482 36 958 2 286 150 40 2 33 0 1 40 39 1 2 7 33 18 78 0 1 8 4 21 1 0 26 2 190 50 0 0 70 2 476 20 74 86 238 8 2 850 26 8 0 6 0 6 6 0 272 2 88 0 0 2 40 178 0 12 68 6 2 42 286 12 0 114 0 520 0 226 0 268 148 3946 870 1336 1037
hsa-miR-513a-5p 120 4 994 74 640 1114 28 104 56 56 572 2210 20 100 472 46 0 618 362 1684 30 260 600 0 3 226 2 2 29 352 27 27 1 372 48 705 31 2 145 14 111 42 34 22 66 642 584 60 8 60 66 744 64 204 134 348 0 32 3044 74 74 20 98 12 80 94 68 346 0 2 20 4 24 148 304 4 8 164 212 164 64 172 14 0 100 70 752 40 178 2 8558 10914 176620 33648 57490 39830
hsa-miR-513b-5p 228 78 734 30 186 1086 54 72 152 0 438 1492 180 50 278 4 0 904 908 1246 16 450 642 52 1 208 1 5 41 180 4 39 38 173 66 289 34 0 29 36 19 15 14 52 50 912 270 20 4 24 22 1040 22 56 24 520 104 2 3502 148 16 6 12 4 30 32 22 164 32 48 10 0 14 44 570 6 18 228 112 92 26 480 2 2 34 0 1232 72 384 4 3604 2700 79274 12518 20280 11935
hsa-miR-513c-3p 46 38 208 38 16 1374 0 356 62 0 216 256 18 20 36 2 0 540 36 968 2 280 152 40 2 46 0 1 40 39 1 3 7 33 18 85 0 1 8 4 21 1 0 26 2 236 50 2 0 70 2 476 20 74 86 286 8 4 1002 42 10 0 2 0 10 6 0 270 2 88 0 0 2 58 178 0 12 68 6 2 40 314 12 0 116 0 522 0 226 0 248 150 4306 874 1413 1174
hsa-miR-513c-5p 422 28 534 22 348 1224 14 110 18 0 450 1124 36 14 216 38 0 838 386 1158 10 426 424 0 17 170 0 3 24 228 39 11 15 305 19 216 1 14 145 29 52 14 42 0 68 980 532 68 2 66 108 644 72 58 130 614 26 8 2744 168 22 2 6 6 28 20 18 180 0 6 16 18 4 80 254 4 88 372 168 46 14 332 56 2 64 64 928 60 202 0 1592 3380 41996 10790 13566 11900
hsa-miR-514b-3p 4 0 80 2 6 6 0 0 2 0 0 0 0 2 12 0 0 4 0 126 0 0 8 0 0 0 0 0 0 0 0 1 1 0 0 26 0 0 0 2 1 1 0 0 0 0 0 0 0 0 0 0 0 6 4 0 0 6 6 0 6 0 0 4 6 12 4 2 0 0 2 0 0 4 0 0 0 6 0 0 4 0 0 0 0 0 8 6 2 0 842 672 10074 1918 4860 2844
hsa-miR-514b-5p 12 0 14 12 38 38 14 0 14 0 0 0 0 4 54 6 0 12 0 22 12 0 30 0 0 0 0 0 0 0 0 4 0 0 0 17 0 0 0 2 8 8 0 0 0 0 0 14 0 0 12 0 14 18 18 0 0 4 38 0 12 2 2 4 26 14 28 4 0 0 4 0 8 22 0 0 0 18 0 14 18 0 0 0 24 0 48 18 8 0 1310 2722 29672 9870 14009 14377
hsa-miR-5187-3p 38 0 0 0 2 0 0 0 0 0 0 0 0 0 0 0 0 0 0 0 0 0 0 0 0 0 0 0 0 0 0 0 0 0 0 0 0 0 0 0 0 0 0 0 0 0 0 0 10 0 0 0 0 0 0 0 0 0 0 0 0 0 0 0 10 0 0 0 0 0 0 0 0 0 0 0 0 0 0 0 0 0 0 0 0 0 2 0 0 0 0 0 0 2 6 0
hsa-miR-5189-3p 180 0 0 0 22 0 0 0 0 0 0 30 0 0 0 0 0 0 0 0 0 0 90 0 5 0 0 0 0 0 0 0 0 0 0 0 0 0 0 0 0 0 0 16 0 26 0 0 0 0 0 0 0 0 0 0 20 32 0 0 0 0 0 0 0 12 0 0 0 0 0 0 0 0 0 0 0 0 0 0 0 0 4 0 0 0 0 2 0 18 0 0 2 0 0 0
hsa-miR-5189-5p 74 0 0 0 0 0 0 0 0 0 0 0 0 0 0 0 0 0 0 0 0 0 20 0 0 0 0 0 0 0 0 0 0 0 1 0 0 0 0 0 0 0 0 0 0 8 0 0 0 0 0 0 0 0 0 0 0 0 0 0 0 0 0 0 0 0 0 0 0 0 0 36 0 0 0 0 0 0 0 0 0 0 0 0 0 0 0 34 0 0 0 0 0 0 0 0
hsa-miR-518b 2 2 0 0 0 176 0 0 0 0 0 0 0 0 0 0 0 0 0 0 0 0 0 0 0 0 0 0 0 0 0 0 0 0 1 0 0 0 0 0 0 0 0 0 0 0 0 0 0 0 0 132 0 0 0 0 0 0 0 0 2 0 0 0 0 0 0 0 0 0 0 0 0 0 0 0 0 0 0 0 0 0 0 0 0 0 78 0 0 0 0 0 18 0 0 0
hsa-miR-5193 52 14 70 48 0 86 52 0 94 66 54 82 20 0 22 0 0 102 10 206 0 30 174 0 0 4 4 1 0 0 38 0 0 0 0 16 23 24 0 0 3 0 42 2 56 90 6 36 0 22 6 38 22 2 124 34 2 0 36 16 100 14 0 0 2 38 0 0 58 6 0 60 0 2 18 58 28 0 18 0 0 68 0 72 44 98 22 0 0 0 0 0 2 0 0 0
hsa-miR-532-3p 4 488 52 0 16 66 164 0 192 32 128 284 16 0 442 12 98 0 162 6 0 38 138 20 109 24 34 90 107 31 91 7 12 6 46 0 10 0 99 16 1 30 22 6 70 342 92 170 256 44 0 462 96 2 176 16 154 0 694 80 472 32 52 10 52 284 0 90 82 2 0 114 0 754 92 78 14 132 84 124 430 70 22 6 44 230 260 92 28 30 322 512 496 218 130 199
hsa-miR-532-5p 500 2348 492 686 292 764 934 408 2018 466 796 2276 236 216 2850 206 1010 130 1218 80 928 168 1572 1014 913 45 31 494 707 180 358 169 302 109 451 92 190 353 520 300 5 472 100 68 96 1224 548 900 1106 512 480 1382 292 526 988 646 770 416 5640 380 3672 674 698 150 362 1606 104 142 1304 662 180 2130 14 4252 1840 536 230 302 192 12 1716 506 318 206 270 1444 2720 1002 338 460 6144 8820 7010 2876 3943 4738
hsa-miR-539-3p 124 0 0 0 0 112 0 46 0 2 0 54 56 0 0 0 74 0 0 0 76 0 0 18 1 4 0 1 0 0 22 0 7 0 1 0 17 14 0 0 0 0 0 16 0 14 0 0 0 0 0 184 12 0 0 0 0 68 0 0 0 0 0 0 0 114 0 0 2 0 0 154 0 24 120 0 0 0 0 0 0 74 46 0 0 0 0 0 0 0 0 0 0 0 0 0
hsa-miR-539-5p 396 0 0 0 0 0 2 22 0 0 30 62 0 0 2 0 0 0 0 0 0 0 78 0 20 0 0 3 14 3 0 0 6 0 0 0 0 9 0 0 1 0 0 2 8 0 0 0 0 2 0 62 70 0 0 0 0 0 4 0 0 0 0 0 0 0 0 0 0 0 0 0 0 0 0 0 0 0 0 0 0 128 46 2 0 68 0 0 0 0 0 0 0 0 0 0
hsa-miR-543 1504 2 32 312 24 64 2 230 0 14 14 796 36 44 88 0 256 2 0 74 0 0 1304 26 11 2 10 43 31 0 125 42 113 1 59 60 51 283 10 56 66 40 8 40 56 102 0 18 4 6 0 944 232 0 128 26 196 492 68 0 68 2 378 4 0 638 2 234 84 140 0 576 4 76 716 24 80 0 2 0 0 864 426 16 0 112 4 36 0 116 0 0 4 0 0 0
hsa-miR-548ax 154 0 0 0 0 0 0 0 0 0 0 212 0 0 2 0 40 0 0 0 12 0 176 4 0 0 0 1 0 0 25 0 0 0 8 0 0 25 0 0 0 0 0 20 0 20 0 0 0 0 0 32 0 0 32 4 0 32 0 0 0 0 60 0 0 10 0 58 0 0 0 38 0 26 0 10 28 0 0 0 42 76 0 2 0 0 0 0 0 0 0 0 0 0 0 0
hsa-miR-548ay-5p 2 0 0 0 0 0 0 0 0 0 0 0 0 0 0 0 0 0 0 0 0 0 0 0 0 0 0 0 0 0 0 0 0 0 0 0 0 0 0 0 0 0 0 0 0 0 0 0 0 0 0 0 0 0 82 0 0 0 40 0 46 0 0 0 0 0 0 0 0 0 0 0 0 22 0 0 0 0 0 0 0 0 0 0 0 0 0 0 0 0 0 0 0 0 0 0
hsa-miR-548e-3p 32 92 14 0 62 118 104 112 74 46 26 364 64 0 188 4 4 34 12 26 2 54 186 78 27 0 0 4 31 34 28 1 20 0 9 0 41 12 0 26 1 13 5 4 54 66 0 0 28 122 144 172 8 0 2 72 24 2 428 0 68 0 0 0 26 76 0 0 50 22 0 2 4 52 114 0 42 0 34 6 82 108 4 58 52 54 138 0 2 6 288 618 554 86 189 70
hsa-miR-548e-5p 2 0 0 0 2 0 0 0 2 0 0 22 0 0 0 0 16 0 0 0 0 0 0 0 15 0 0 0 0 0 0 1 0 0 0 0 0 0 0 0 0 0 14 0 46 0 0 0 0 0 0 0 0 0 0 0 0 0 190 2 0 0 0 0 0 0 2 0 0 0 0 0 0 0 0 0 0 0 0 0 0 6 0 6 0 0 0 0 0 0 0 36 86 0 0 0
hsa-miR-548j-5p 56 0 0 44 28 0 216 22 0 0 2 304 0 0 32 0 0 0 46 4 0 0 296 0 20 0 0 21 0 0 42 0 4 0 64 2 42 22 0 0 0 21 0 38 50 110 0 2 0 0 0 138 4 0 2 70 12 206 212 0 192 0 82 0 2 30 0 82 144 138 0 0 2 20 0 2 0 0 2 0 0 52 108 0 0 50 42 142 0 0 282 208 360 50 50 3
hsa-miR-548o-3p 48 42 114 18 28 40 68 22 0 14 2 206 2 0 66 0 24 2 14 0 0 0 146 66 28 0 9 31 9 0 31 0 15 1 18 12 21 106 0 0 9 57 20 2 36 12 24 0 0 0 2 84 4 0 54 40 10 0 432 0 124 0 0 0 2 40 2 0 0 0 0 0 0 84 178 16 0 0 80 86 0 16 26 0 94 30 2 2 34 0 112 46 432 138 26 0
hsa-miR-550a-3-5p 48 186 0 0 128 4 0 60 0 354 136 220 196 0 16 18 2 102 0 0 2 18 88 16 318 8 5 8 46 17 130 19 36 21 29 1 44 0 28 0 12 0 62 2 62 24 52 56 12 70 0 118 0 2 0 6 18 2 406 16 232 98 0 0 0 42 2 66 78 0 44 0 0 58 24 76 18 2 38 0 2 0 0 72 32 60 78 242 62 8 118 366 306 262 104 322
hsa-miR-550a-3p 2 304 62 0 78 4 0 0 130 22 46 2 8 0 72 0 88 16 30 2 0 4 72 0 26 4 32 0 14 0 0 0 0 0 0 0 18 0 0 1 0 9 0 0 0 28 0 0 0 0 0 198 0 60 60 8 24 0 100 18 190 0 0 24 28 8 26 0 2 10 0 0 0 124 2 46 76 90 0 0 78 0 10 32 56 0 24 42 0 4 240 588 794 380 22 202
hsa-miR-550a-5p 192 208 8 0 316 8 2 66 66 354 166 412 136 2 36 18 2 102 4 2 4 22 360 16 325 9 2 15 92 35 212 19 34 40 0 1 119 21 8 0 31 0 62 0 114 36 42 0 40 116 0 118 0 6 140 60 70 46 488 2 380 70 2 0 4 84 2 66 132 6 44 76 0 180 36 24 2 56 92 2 2 10 0 116 30 88 164 288 62 8 1088 1358 3348 1104 538 616
hsa-miR-5571-3p 4 172 176 2 878 810 66 232 2 112 6 1608 22 0 6 56 0 496 166 310 58 396 318 32 4 155 1 0 0 37 25 0 156 16 184 0 16 0 12 0 174 2 93 84 8 24 62 62 2 514 112 4 42 24 266 600 114 66 648 10 166 0 36 0 2 854 0 34 72 246 2 4 0 328 2 202 248 0 542 2 564 606 0 208 372 960 302 0 72 72 28 0 116 2 1 0
hsa-miR-570-3p 36 0 0 0 0 0 0 0 0 94 0 0 0 0 20 0 0 0 0 0 0 0 0 0 0 0 0 0 0 14 18 0 1 0 0 0 16 0 0 0 0 0 0 0 0 54 8 0 0 0 0 0 0 0 0 0 0 0 80 0 0 0 0 0 0 0 0 0 0 0 0 0 0 0 0 0 0 0 0 0 0 0 0 0 0 0 0 0 0 0 0 0 0 0 0 0
hsa-miR-574-3p 4504 3824 1734 1268 14554 1614 2086 1220 8414 2112 5206 9588 1684 508 6198 1206 806 2836 3164 1686 744 1894 11846 3284 1373 249 984 2111 3372 3048 3632 797 1021 2278 976 1018 603 1512 3872 822 1391 497 824 304 1954 2956 5168 5058 5884 6158 1986 11894 2836 1446 4238 1614 2378 2792 24142 1966 10920 1964 1106 560 2860 7636 602 1586 2154 3276 192 6082 200 7534 3912 1378 1866 1180 4736 4872 3216 2592 698 1842 1716 11450 1658 8364 648 2490 7452 11684 2436 1260 1220 1596
hsa-miR-574-5p 240 0 148 2 544 312 114 4 1066 0 1908 304 352 12 208 126 42 120 76 276 72 64 1954 484 12 95 61 102 0 244 223 181 27 325 87 162 31 50 107 2 357 0 1 42 92 280 278 300 744 1126 84 2368 290 362 46 2 104 0 316 2 1744 178 8 86 38 1068 756 402 114 42 280 38 0 38 874 296 294 238 362 1514 228 374 40 218 78 52 18 904 226 0 734 962 84 80 221 209
hsa-miR-576-5p 350 282 92 8 824 262 66 130 600 190 78 1028 28 68 674 68 162 106 138 230 218 70 222 150 147 10 34 111 116 37 419 165 57 57 32 1 28 111 31 135 13 28 189 70 138 262 138 234 182 338 210 366 102 78 122 48 102 118 1872 32 370 26 134 2 6 168 0 152 196 126 0 148 4 264 338 56 36 70 224 106 290 202 126 94 128 602 316 244 56 122 894 988 1948 332 136 173
hsa-miR-582-5p 4 82 86 2 2 66 174 44 0 52 0 152 24 70 96 0 354 24 22 2 2 0 4 44 378 10 0 327 53 0 124 0 31 44 33 23 122 95 37 30 47 102 132 8 118 390 46 2 50 4 96 388 8 16 106 104 110 142 6252 178 6 0 146 12 0 54 2 0 382 112 0 0 2 2 184 152 68 52 80 0 592 2 38 154 84 312 310 66 4 6 34 344 2 20 1 0
hsa-miR-584-5p 8134 134 342 1262 232 166 1048 518 740 262 136 6288 462 8 680 232 872 140 146 168 1738 76 20148 274 267 88 63 219 208 81 991 241 185 2 314 222 112 660 178 304 85 172 65 360 186 3728 0 542 50 12 1288 2278 1364 518 530 1868 1116 2410 362 46 182 2 2052 136 112 2578 10 1268 2400 780 0 2410 2 756 1972 96 270 60 128 738 60 2328 1034 28 98 912 62 3170 278 222 4 16 28 10 4 9
hsa-miR-589-3p 64 0 0 0 0 0 0 0 0 0 0 30 0 0 0 0 0 0 0 0 0 0 0 0 2 0 0 0 32 0 0 0 0 0 0 0 0 0 0 0 0 0 0 0 0 24 0 0 0 16 0 2 0 0 0 2 0 0 136 0 12 0 72 0 0 48 0 0 0 0 0 0 0 10 52 0 0 0 0 0 0 0 0 0 0 0 0 0 0 0 68 40 182 42 0 18
hsa-miR-589-5p 180 558 170 68 654 94 110 148 474 438 370 646 38 28 796 26 94 190 326 152 44 106 362 8 43 29 32 131 83 19 329 20 29 16 20 31 69 146 120 65 133 32 55 60 216 506 170 36 198 202 282 562 56 96 400 132 160 2 1690 46 432 0 148 0 44 198 0 24 114 164 0 212 10 406 288 164 250 38 162 288 302 170 56 102 322 496 120 78 36 38 154 734 460 304 59 236
hsa-miR-590-3p 264 2544 348 112 1918 840 702 356 452 1496 774 1946 578 154 1452 432 692 660 1400 462 892 202 864 574 715 161 87 187 307 206 1180 93 231 44 142 23 533 1392 108 340 253 298 201 76 238 1200 374 606 408 1148 492 2130 378 284 480 1570 532 578 9118 344 792 74 214 202 274 888 152 420 1662 1292 34 348 2 992 2126 758 782 160 414 252 852 312 448 482 360 2108 1580 510 192 324 6618 7330 18158 3166 3003 702
hsa-miR-598-3p 44 376 30 8 1382 156 254 120 58 910 74 1214 150 2 432 174 2 42 184 136 302 154 70 42 148 65 10 198 110 19 339 132 111 26 62 40 30 238 103 110 2 35 186 36 226 564 106 90 132 12 242 542 56 260 122 372 88 2 5008 302 398 14 6 26 10 478 8 142 316 24 4 348 18 442 450 176 48 290 336 148 502 232 94 164 172 1376 522 318 4 170 2086 3000 6816 1494 730 543
hsa-miR-6087 1518 688 2792 6126 8960 702 618 1026 932 1312 1492 1672 3648 1054 1386 1156 198 2142 416 1150 688 890 460 488 1149 50 223 340 1997 1416 662 4613 5034 21 342 137 296 278 439 104 2753 1015 243 296 2202 864 300 870 7636 750 1790 922 518 1660 2138 1406 472 380 18394 36 1294 252 412 256 11876 1094 932 774 146 1386 524 548 3526 1950 2384 318 542 386 1314 2578 2204 780 166 3040 7662 2602 8522 1800 536 1264 2474 362 1312 332 363 262
hsa-miR-6125 162 6 0 0 114 0 0 0 0 0 0 0 10 0 0 0 0 2 0 0 0 0 2 0 0 0 0 2 0 0 0 0 0 0 0 0 0 0 0 10 20 0 0 0 0 0 0 0 0 28 0 0 12 0 0 20 0 0 58 0 0 2 40 0 0 0 0 0 32 22 0 0 0 0 0 8 0 0 0 0 2 0 0 0 40 24 96 0 0 0 0 0 0 0 0 0
hsa-miR-616-5p 2 22 22 0 144 0 0 26 0 14 2 44 0 0 76 0 0 2 0 0 4 2 104 4 73 0 9 6 19 0 154 0 0 21 1 0 14 3 0 0 0 0 67 4 0 10 0 0 20 74 0 174 0 0 0 20 32 0 326 0 2 0 0 30 0 4 0 0 0 0 0 0 0 166 16 0 0 0 0 0 48 28 0 24 0 184 76 50 0 0 166 70 436 174 0 159
hsa-miR-618 26 0 0 0 96 100 0 0 0 0 0 164 42 64 12 0 88 0 0 0 0 0 120 130 19 33 0 0 37 8 0 0 9 0 10 0 11 24 0 42 0 82 0 8 158 28 0 0 0 16 0 110 2 0 0 42 52 24 0 0 8 10 0 0 0 58 0 0 72 18 0 32 0 0 76 0 0 302 0 0 0 0 26 72 40 576 0 0 0 0 0 0 0 0 0 0
hsa-miR-625-3p 318 918 580 174 4104 546 1652 190 408 2096 712 4970 500 18 1230 562 320 600 814 830 596 686 4418 552 507 313 131 959 728 243 170 233 506 212 161 361 116 740 95 644 159 116 276 162 50 1338 848 140 354 302 444 1604 664 424 658 1368 584 280 10706 250 244 292 290 112 44 1238 300 1056 756 544 14 744 52 794 1716 1558 990 286 228 1070 1616 1076 536 1016 528 2076 5392 1586 182 174 27720 26344 37314 8462 8867 6240
hsa-miR-625-5p 34 54 64 0 710 104 124 36 320 204 236 1248 184 124 442 4 70 196 172 64 82 48 274 52 116 23 19 170 100 32 3 34 63 40 42 57 42 102 43 108 113 1 35 16 2 430 72 146 292 222 178 292 72 62 26 264 2 2 2686 88 36 190 6 24 2 300 0 98 44 42 0 244 62 96 126 264 178 106 4 66 332 124 40 198 138 1056 592 90 2 46 414 866 1206 244 192 170
hsa-miR-628-3p 466 838 270 258 1564 776 302 628 902 476 340 2536 50 98 470 242 250 452 218 548 68 206 1792 160 555 146 144 114 659 98 5582 26 55 128 122 87 225 435 165 72 232 160 385 108 304 782 174 510 574 554 274 1764 306 270 302 764 232 226 2590 110 876 64 242 56 460 1628 8 822 822 268 0 424 6 914 490 560 616 264 520 524 392 542 118 400 162 1386 370 1078 2 228 1352 1708 3234 906 396 1049
hsa-miR-628-5p 314 892 184 260 1282 1132 2 950 206 560 158 3288 164 66 686 14 744 386 264 380 222 140 764 304 457 165 124 124 386 187 7643 83 184 47 84 49 523 625 128 133 95 169 452 124 144 952 100 532 272 334 6 2990 176 142 380 580 216 356 4070 166 566 66 136 2 420 1012 26 572 692 530 2 194 0 1040 336 1300 720 18 254 252 562 696 302 256 378 1768 490 196 318 122 812 870 2790 278 656 296
hsa-miR-629-5p 1198 560 1198 164 1904 350 1210 412 1452 1886 312 11160 438 168 3430 428 200 1512 528 1250 292 1624 1234 514 607 318 105 1239 481 576 893 315 549 461 305 410 325 884 1055 346 452 104 1271 258 590 1042 1824 1008 1172 3682 1434 2206 750 280 916 662 466 378 4044 638 5018 642 484 232 186 1582 154 298 972 784 4 1654 34 2094 1666 772 648 222 1426 434 1650 1302 156 1042 622 4682 1894 1522 384 792 22714 30736 48918 15042 7790 7561
hsa-miR-632 26 0 2 0 0 0 0 14 0 0 0 0 0 0 0 0 0 50 0 52 0 0 0 0 0 1 0 0 0 0 33 0 0 0 0 0 0 0 0 15 0 0 1 0 0 0 0 0 40 0 0 0 100 0 0 0 0 0 74 0 0 76 0 0 36 56 0 0 0 0 0 0 0 0 0 0 0 0 0 0 60 0 0 66 0 0 0 8 0 0 0 0 0 0 0 0
hsa-miR-641 216 40 2 2 218 116 0 128 0 140 60 454 32 0 50 0 8 48 24 0 32 22 212 0 22 3 16 2 20 0 4 0 0 0 17 0 20 83 27 33 2 1 32 2 0 24 14 28 68 40 4 262 0 74 0 30 4 174 412 36 24 56 0 0 60 178 0 48 124 26 0 218 0 98 144 98 2 0 30 8 0 104 0 2 102 136 106 4 2 36 1102 980 2048 454 263 340
hsa-miR-642a-3p 34 20 2 4 86 2 56 16 0 2 88 66 0 2 4 24 2 4 0 2 0 90 74 26 165 17 5 22 27 1 70 1 1 66 6 50 11 5 5 0 84 2 0 0 118 52 20 50 2 0 36 154 10 2 0 0 0 34 228 0 124 0 0 50 74 0 2 44 0 2 0 0 0 0 0 14 0 68 116 0 32 124 2 0 594 0 2 0 4 36 882 1462 1624 590 121 319
hsa-miR-643 72 0 0 6 0 48 56 0 52 34 0 44 0 0 48 30 0 0 18 74 0 44 0 0 0 0 0 15 0 0 27 0 0 0 1 0 10 9 0 0 29 1 49 0 0 22 0 50 0 0 0 76 0 0 0 10 8 94 172 12 18 0 0 0 4 76 0 0 0 0 0 0 0 0 24 48 0 0 0 0 0 0 26 0 84 0 32 170 0 16 94 0 330 88 67 49
hsa-miR-650 18 2 14 2 22762 22 4 0 0 0 0 0 0 0 132 8 0 22 0 8 4 0 184 0 1352 0 18 0 0 0 0 2 1 0 1 0 0 0 0 0 5 4 0 2 0 0 0 4 0 0 12 0 0 886 2714 2 76 2 34 0 14 6 8 0 26616 16 4 6 0 0 4 0 2 14 0 0 0 2 2 14 4 2 0 0 16 0 22 132 4 2 4 10 22 6 2 3
hsa-miR-651-5p 4 900 122 6 412 640 0 100 106 2 304 388 52 108 132 22 120 62 88 2 152 0 48 150 80 51 26 58 200 130 281 34 98 34 13 4 72 160 77 119 9 47 97 82 70 68 100 56 20 358 56 344 96 76 288 554 6 148 4494 8 28 66 0 2 156 224 0 82 216 32 2 64 50 270 836 128 92 22 154 2 584 218 22 92 368 800 664 2 170 38 492 352 672 152 123 0
hsa-miR-6511a-3p 122 98 0 34 108 134 0 36 80 96 212 174 24 0 92 0 0 68 10 158 0 92 110 2 13 6 17 19 26 7 105 0 10 8 32 35 40 16 89 0 46 4 0 0 64 102 16 32 206 74 10 180 68 62 20 0 56 106 194 30 88 0 36 16 68 130 6 28 110 0 0 40 64 92 0 4 42 2 60 48 18 44 0 0 90 158 152 392 2 0 200 86 160 98 84 80
hsa-miR-6511b-3p 116 94 90 0 232 90 10 74 66 0 124 204 10 12 20 0 28 152 2 38 0 0 84 74 19 18 40 28 14 25 189 1 26 15 14 6 46 49 33 0 32 24 56 10 78 76 8 100 24 116 134 268 90 94 0 0 18 0 142 50 182 2 28 74 2 132 80 0 62 0 32 98 0 72 18 22 96 0 36 72 140 52 62 26 2 150 24 452 0 2 184 400 150 176 29 135
hsa-miR-6514-5p 74 0 0 0 68 0 0 0 0 0 30 0 0 0 0 0 0 0 0 0 0 0 0 0 2 11 0 0 0 9 0 0 0 0 0 3 0 0 0 0 0 0 0 0 0 0 0 0 0 56 0 30 0 0 0 0 0 0 2 0 0 0 0 0 0 20 0 0 0 0 0 0 0 48 0 0 0 54 26 0 0 0 24 0 0 0 0 154 0 0 0 60 88 46 0 0
hsa-miR-6516-3p 56 756 2 20 430 606 70 20 6 436 308 426 138 0 492 112 74 314 68 380 116 100 80 202 98 116 71 150 221 142 141 80 329 9 16 148 278 277 146 71 327 129 73 72 188 190 150 218 4 86 316 2486 176 238 2 152 74 0 928 90 1294 62 4 0 582 148 72 176 116 76 0 62 2 1000 722 148 186 2 296 68 272 164 32 204 688 178 1196 486 154 56 36 6 34 58 20 100
hsa-miR-6516-5p 6 336 96 8 138 132 0 20 12 140 104 70 90 0 54 68 124 118 16 100 42 96 258 32 74 20 56 67 37 15 88 0 46 10 27 12 148 55 26 0 17 45 119 4 94 112 0 102 4 14 74 1826 10 0 0 56 98 0 56 56 568 0 0 0 40 128 0 0 46 36 88 178 0 292 46 2 82 96 16 0 74 164 0 4 126 268 202 316 68 18 14 66 68 36 101 33
hsa-miR-652-3p 1548 2128 954 318 12604 3380 2054 1472 1118 2274 498 8932 1900 162 2826 270 394 386 658 648 1030 602 6410 522 318 754 169 520 905 869 1507 173 570 60 1021 865 692 883 609 237 1650 125 1206 448 432 2154 340 690 620 7598 866 11126 766 306 388 1448 2436 1532 15176 438 2438 122 538 30 1834 4052 400 1420 1874 878 56 1266 38 2864 1932 1040 1262 516 380 648 3196 3290 768 2040 1220 7130 3306 1332 272 518 5886 6100 26610 6000 6281 4402
hsa-miR-653-3p 2 34 0 0 0 0 0 0 0 0 0 0 0 0 2 0 0 6 10 0 0 0 0 0 0 0 0 14 0 9 0 0 0 0 8 0 0 2 0 0 0 0 0 0 0 0 0 0 0 0 0 0 0 0 0 0 0 0 314 0 0 0 0 2 0 0 0 0 0 0 0 0 0 0 0 28 0 0 0 0 0 0 0 0 2 0 0 0 0 0 84 0 382 38 79 27
hsa-miR-654-3p 870 2 2 270 96 34 0 130 0 2 4 536 104 6 84 0 226 4 0 30 460 2 934 218 93 6 0 21 37 7 269 61 60 22 70 13 25 362 25 20 2 43 1 30 44 82 2 0 8 4 0 776 348 100 136 358 148 370 6 8 34 0 192 0 0 700 2 40 74 190 0 360 0 144 478 0 30 0 48 2 28 748 114 2 0 258 6 74 152 68 0 0 2 0 0 0
hsa-miR-654-5p 282 0 0 78 2 0 0 0 0 0 0 160 0 0 0 0 0 0 6 0 82 0 248 0 0 0 0 0 0 0 38 0 0 0 18 2 0 0 0 13 1 0 0 32 6 22 2 0 0 0 0 36 0 0 44 0 10 0 0 0 0 0 0 0 0 18 0 0 32 0 28 0 0 30 30 0 0 0 44 0 0 22 0 0 2 2 0 6 0 0 0 0 0 0 0 0
hsa-miR-655-3p 182 0 2 60 0 36 0 34 0 2 0 64 2 0 0 2 40 0 0 0 0 0 140 0 11 0 0 13 6 0 56 0 13 1 1 0 5 80 1 22 0 38 0 18 6 2 0 0 0 0 0 210 0 0 12 52 38 246 2 0 0 0 32 0 2 120 0 36 0 24 0 116 0 0 102 0 0 0 0 0 0 124 80 0 2 54 0 0 20 0 0 0 0 0 0 0
hsa-miR-656-3p 74 0 0 40 0 4 0 108 0 20 0 266 0 0 0 0 40 0 0 0 0 0 114 22 5 0 0 5 13 0 43 0 17 0 3 0 21 33 0 0 0 0 1 2 12 0 2 0 0 0 0 244 44 18 36 40 16 66 0 12 0 0 0 0 0 294 0 0 0 0 0 0 0 32 140 0 0 0 0 0 0 64 54 0 82 52 0 0 8 22 0 0 0 0 0 0
hsa-miR-660-5p 20 1028 402 208 148 510 294 100 502 246 264 430 114 96 1154 24 118 78 478 22 112 24 798 214 195 7 41 187 185 34 195 1 30 79 53 19 67 129 155 141 4 87 61 24 56 490 230 226 860 362 170 770 178 118 172 266 330 84 2580 92 1040 128 156 50 64 520 0 2 232 110 0 348 4 1868 406 122 194 50 2 6 372 138 18 34 4 438 1048 260 2 100 934 1584 1898 240 570 518
hsa-miR-663a 524 8 154 156 258 2 0 2 10 84 4 0 402 0 36 2 0 2 90 2 56 52 324 0 160 3 161 21 76 4 0 22 130 0 24 3 65 1 5 0 97 0 0 2 0 0 30 6 42 58 0 2 70 18 0 322 0 0 460 0 42 2 0 0 270 160 0 0 194 24 0 2 54 84 22 54 0 0 0 2 2 58 26 0 296 102 1614 56 42 2 142 502 360 164 62 80
hsa-miR-663b 120 0 6 224 2 2 0 0 0 0 2 0 258 0 20 70 0 80 56 0 532 0 4 2 24 0 25 3 127 3 15 6 15 42 0 0 21 0 0 1 75 111 0 0 0 0 26 32 0 2 0 44 10 28 0 326 0 0 328 0 0 2 10 0 434 70 0 0 0 48 0 0 0 2 0 0 2 0 2 0 70 0 0 22 632 46 1624 192 44 116 44 2 92 70 0 38
hsa-miR-664a-3p 1786 12088 1312 646 2242 6974 4516 1118 1570 5246 2398 7804 1590 564 11300 1552 1356 1998 1554 3380 794 3504 2892 4294 1794 573 1001 906 1470 505 3573 344 475 274 527 771 1281 1672 1801 742 2772 559 728 308 1482 12226 3104 4092 5488 4614 1690 10456 1686 1428 1670 1438 2004 1450 5792 2678 13878 534 714 384 796 2478 426 1616 1960 1434 112 1442 116 3858 3334 2906 4260 2626 1534 5834 5822 2426 190 2694 2036 18454 3074 3504 2162 1522 924 1280 2044 644 743 482
hsa-miR-664a-5p 718 3018 182 34 546 2636 1460 618 980 1254 928 1924 550 86 1658 1130 372 1000 408 1524 138 1382 1180 1160 788 298 176 385 310 198 1856 76 101 235 186 390 582 436 775 339 1481 28 472 62 1028 1688 570 1120 2330 2240 1116 2616 714 140 138 110 418 350 2452 418 3866 102 164 376 462 1436 216 1346 462 390 90 648 226 1030 768 1136 1504 600 898 2528 894 632 122 982 510 2490 602 2878 700 596 116 280 278 34 6 54
hsa-miR-664b-3p 422 416 162 336 496 702 134 66 74 346 156 316 964 22 372 130 72 86 88 206 112 142 138 112 149 29 58 36 164 58 190 69 90 8 66 111 156 190 8 56 308 31 37 54 94 912 30 122 652 266 112 866 194 446 378 162 160 178 568 38 1428 0 40 2 110 56 98 22 96 106 0 98 240 478 52 208 508 492 84 128 448 102 0 458 580 600 500 686 22 86 8 138 348 98 74 48
hsa-miR-664b-5p 4 68 24 60 94 44 54 28 122 82 122 72 84 0 72 4 0 202 66 250 180 116 6 44 85 30 27 6 119 32 199 20 31 57 37 75 63 38 16 2 96 0 81 4 60 296 48 70 346 162 110 230 58 0 4 84 36 0 38 48 208 0 0 8 0 182 0 12 20 2 0 2 2 196 26 120 74 120 86 214 154 56 0 88 130 168 74 40 0 70 2 12 156 12 6 0
hsa-miR-671-3p 114 318 174 106 380 216 2 122 54 46 344 360 0 0 174 66 8 146 158 2 0 286 404 114 152 14 35 58 68 39 216 56 9 2 7 54 35 59 117 35 35 81 25 82 68 230 108 184 136 132 292 124 42 114 54 98 46 24 496 124 84 78 228 14 68 404 6 26 214 222 20 190 0 112 208 40 122 4 76 82 28 144 42 68 180 74 194 158 0 14 1048 2802 2858 890 276 192
hsa-miR-671-5p 576 516 64 24 670 240 126 166 722 324 428 256 178 196 202 150 76 242 124 32 0 266 366 120 283 35 76 62 45 32 533 1 44 59 34 77 102 21 109 81 80 55 210 24 138 412 202 448 88 512 24 318 116 6 110 202 182 104 504 314 160 40 58 12 94 360 142 70 66 220 0 182 2 296 194 224 320 92 92 176 142 184 40 184 218 74 62 354 46 66 1470 3648 3586 1364 948 731
hsa-miR-6721-5p 60 0 0 0 0 0 0 0 74 0 0 56 0 0 0 0 0 8 0 0 0 0 0 52 0 0 0 2 0 0 0 0 0 0 0 0 16 0 0 0 0 1 0 0 0 0 12 0 0 0 0 0 0 0 0 0 0 0 0 0 0 0 60 0 0 0 0 0 56 50 0 0 0 0 0 0 0 0 0 0 0 0 0 0 0 0 0 58 0 80 2 0 0 0 0 0
hsa-miR-6724-5p 2164 144 356 232 5126 4486 108 976 876 326 1096 2956 518 2 280 264 104 19194 70 7202 10 2166 2640 232 1733 288 78 353 441 546 969 241 185 1981 1158 201 397 132 758 67 219 147 1148 108 1122 470 1036 724 674 9192 1266 3212 1386 8 328 264 500 206 2540 2 1230 104 4 292 210 3364 4176 2682 542 598 70 122 1790 2618 428 572 1874 80 734 412 1126 1642 108 616 116 316 1176 1474 834 2544 620 2316 1030 564 1019 466
hsa-miR-6726-3p 62 80 0 0 68 86 0 0 0 60 160 42 0 0 2 20 0 2 0 94 0 60 24 4 14 3 9 16 4 0 24 0 7 3 7 70 10 10 86 13 35 0 42 14 88 46 30 0 134 34 0 92 40 0 14 8 0 40 78 0 132 0 0 0 18 20 0 0 0 0 0 94 0 16 60 30 0 0 0 84 0 10 2 0 0 6 26 32 0 2 42 0 0 0 0 0
hsa-miR-6730-5p 104 0 0 0 0 0 0 0 0 0 0 0 0 0 0 0 0 0 0 0 0 0 0 0 0 0 0 0 0 0 0 0 0 0 0 0 0 0 0 0 0 0 0 0 0 0 0 0 0 0 0 0 0 0 0 0 0 0 0 0 0 0 0 0 0 0 0 0 0 0 0 0 0 0 0 0 0 0 0 0 0 0 0 0 0 0 0 0 0 0 0 0 0 0 0 0
hsa-miR-6741-3p 110 48 0 0 0 78 0 0 2 0 0 0 0 2 14 0 0 0 24 0 0 0 96 0 0 0 0 15 0 0 0 0 0 0 0 4 0 0 0 0 0 0 0 0 0 36 0 2 0 32 0 8 0 0 0 0 20 0 170 0 112 0 0 0 18 58 0 0 0 0 0 0 0 0 8 0 2 0 28 0 30 6 0 0 0 0 0 48 0 4 16 2 86 0 68 53
hsa-miR-6796-3p 78 0 8 0 0 0 0 0 0 0 0 0 0 0 8 0 0 0 0 0 0 0 0 0 0 0 0 0 0 2 0 0 0 0 0 0 0 0 0 0 0 0 0 0 0 0 0 0 0 0 0 0 0 0 0 0 0 0 0 0 0 0 0 0 0 0 0 0 0 0 0 0 0 18 0 0 0 0 0 0 0 0 0 0 0 0 0 0 0 0 0 0 0 0 0 0
hsa-miR-6801-5p 88 0 0 0 0 0 0 0 0 0 0 0 0 0 0 0 0 76 0 0 0 0 0 0 0 0 0 0 0 0 0 0 0 0 0 0 0 0 0 0 0 0 0 0 0 0 0 0 0 0 0 0 0 0 0 0 0 0 0 0 0 0 0 0 0 0 0 0 0 0 0 0 0 0 0 0 0 0 0 0 0 0 0 0 0 0 0 0 0 0 0 0 0 0 0 0
hsa-miR-6802-3p 38 24 0 0 238 58 0 60 120 48 0 38 16 0 6 0 0 100 6 44 26 12 0 0 0 0 7 2 11 2 1 0 1 0 2 2 0 21 9 5 35 60 21 0 18 114 20 0 16 12 52 64 70 0 64 0 0 0 26 0 48 0 0 18 34 46 76 0 0 0 0 0 2 0 0 4 0 0 72 0 0 18 6 30 2 0 36 0 0 52 34 0 8 10 0 0
hsa-miR-6803-3p 142 148 54 0 460 186 204 26 438 134 594 724 122 36 136 10 32 336 62 670 20 226 814 60 138 48 25 112 64 18 40 18 101 142 45 93 88 64 85 61 147 59 148 8 106 130 76 64 150 218 124 330 392 8 190 60 108 208 1372 34 366 4 142 76 12 222 232 2 462 102 96 262 0 136 66 110 116 46 636 294 210 312 12 206 102 456 504 102 244 148 794 314 240 296 28 110
hsa-miR-6810-3p 80 0 0 0 2 0 0 42 0 0 0 74 0 0 0 0 10 0 0 0 0 0 158 0 0 0 0 0 0 0 5 0 0 0 0 1 0 0 0 0 0 0 0 0 0 0 0 0 0 0 0 0 0 0 0 0 0 0 38 0 0 0 0 0 0 52 0 0 30 0 0 0 0 0 0 0 0 0 0 0 0 18 0 0 0 0 0 0 0 0 0 0 0 0 0 0
hsa-miR-6842-3p 110 182 56 2 480 94 0 0 0 312 154 158 18 0 106 18 82 102 8 2 0 8 310 42 43 44 0 8 47 22 153 0 52 4 4 0 79 92 32 38 2 34 96 6 26 40 102 0 110 274 278 100 32 0 2 64 36 2 388 66 458 0 0 66 4 294 4 0 28 126 0 26 2 318 46 80 102 2 66 36 2 54 0 16 4 90 348 42 0 86 222 410 846 202 60 219
hsa-miR-6852-5p 230 0 40 62 42 0 76 0 0 0 76 334 36 0 10 14 54 0 6 0 0 0 510 0 0 0 3 7 1 0 42 35 5 0 1 2 27 31 14 0 0 0 36 12 0 108 2 0 4 50 0 142 134 0 0 44 42 66 0 2 24 0 48 0 0 118 0 88 86 44 0 88 0 0 0 0 98 0 112 104 0 104 16 0 0 2 0 64 0 0 0 2 36 0 0 0
hsa-miR-6859-5p 42 12 0 0 40 78 0 0 0 0 0 0 2 0 8 0 0 0 0 0 2 36 0 0 0 12 4 0 14 8 0 0 0 0 0 0 0 0 0 0 0 0 0 0 12 0 0 0 0 16 232 132 48 0 0 0 10 0 0 0 44 0 0 50 2 76 0 0 0 24 0 0 0 8 0 0 0 0 2 74 0 0 0 2 0 2 2 0 0 0 0 0 14 0 0 0
hsa-miR-7-1-3p 198 486 8 110 1208 530 226 140 188 340 828 636 46 12 2252 166 182 674 380 178 0 42 316 14 71 42 143 38 72 50 426 11 95 20 66 13 305 378 37 26 125 52 70 42 66 396 44 172 280 442 388 1548 176 0 138 222 162 108 800 98 766 62 2 80 22 1004 54 104 266 100 0 166 2 574 476 144 318 328 144 234 164 216 74 124 244 164 1170 466 206 182 926 1868 2516 1100 501 576
hsa-miR-7-2-3p 36 0 0 0 0 0 0 0 0 0 0 0 14 0 0 0 16 0 0 0 0 0 0 0 0 0 0 0 0 0 0 0 0 0 0 0 0 0 0 0 0 0 0 0 0 0 0 0 26 12 0 0 0 0 0 0 0 0 0 0 0 0 0 0 0 0 0 0 0 0 0 0 0 0 0 0 0 0 0 0 0 0 6 0 0 0 12 0 0 0 0 2 0 0 0 0
hsa-miR-7-5p 848 29088 4052 318 8560 13990 2860 9308 730 11480 6914 9892 1840 432 10712 1396 1664 6734 6272 794 388 1246 3520 1784 1137 796 1768 372 2702 786 2914 145 601 259 1043 435 4137 4253 316 618 858 710 364 2756 602 3226 2064 2004 1806 5090 4966 54602 1428 1598 1984 2744 1452 3202 15438 1442 11718 432 1346 910 3258 11938 1482 3598 7842 1260 274 1188 156 6808 8934 4910 4816 1144 1368 936 2498 5248 904 3618 12974 2084 52276 8424 2040 2402 38732 32702 283130 38630 79054 37580
hsa-miR-708-3p 52 152 158 0 64 148 0 0 74 38 32 106 42 0 210 42 38 2 82 328 54 0 288 40 1 23 3 0 1 13 4 0 0 22 12 11 16 0 6 0 1 1 28 0 0 20 26 76 64 28 2 372 72 106 134 190 8 0 160 0 2 0 0 2 0 392 2 88 0 26 0 0 4 274 44 54 102 120 18 2 98 224 0 34 340 0 80 0 38 40 0 2 2 0 0 0
hsa-miR-708-5p 260 468 456 28 22 604 4 224 370 222 140 190 510 0 390 132 18 214 360 878 8 48 680 364 3 67 0 12 28 113 73 0 0 105 69 69 117 55 45 1 0 100 291 18 34 200 86 590 4 78 196 1172 252 512 704 482 204 2 166 42 2 0 232 40 6 904 4 14 2 206 0 136 0 720 156 46 100 516 128 200 152 792 10 52 250 48 356 54 60 18 0 2 30 8 7 2
hsa-miR-744-3p 22 6 0 0 2 0 56 0 0 2 0 36 54 0 2 0 10 0 0 2 82 0 60 0 0 0 3 28 23 1 14 1 11 0 20 8 1 12 0 0 0 0 0 0 30 0 44 0 0 54 0 34 16 2 6 24 0 62 4 0 22 0 86 0 2 12 2 0 82 0 0 42 2 54 0 20 0 0 0 2 0 60 16 10 0 42 72 8 0 0 326 428 1028 98 440 97
hsa-miR-744-5p 3302 418 180 610 252 396 336 346 300 236 232 4816 170 182 310 102 1304 110 170 258 862 132 5608 598 288 37 107 377 350 106 1029 31 182 81 346 161 264 461 223 212 29 417 87 186 224 1584 216 668 618 720 268 1760 166 8 600 1248 742 1424 2084 136 782 304 1852 124 232 1054 6 212 2234 816 224 2546 140 400 1144 112 74 326 288 232 290 1654 508 206 226 612 316 392 94 246 3180 4920 8520 3182 1939 2699
hsa-miR-758-5p 76 0 0 0 0 0 0 0 0 0 0 0 0 0 0 0 0 0 0 0 0 0 0 0 0 0 0 0 0 0 0 0 0 0 0 0 0 0 0 0 0 0 0 0 0 44 0 0 0 0 0 0 0 0 68 0 0 0 0 0 0 0 0 0 0 0 0 0 0 0 0 0 0 0 0 0 0 0 0 0 0 0 0 0 0 0 0 0 0 2 0 0 0 0 0 0
hsa-miR-760 2 48 0 0 370 254 0 20 0 24 12 56 0 4 8 0 0 52 0 64 0 0 252 0 7 13 1 0 0 8 76 0 0 0 1 0 11 0 0 0 48 0 31 2 38 32 4 0 14 62 60 206 26 0 0 0 18 0 4 0 58 0 0 82 48 50 0 80 0 0 0 0 0 4 0 6 0 0 0 0 0 0 0 0 12 48 10 364 0 0 60 164 322 94 26 82
hsa-miR-7641 486 666 192 638 2802 286 356 200 66 174 1796 256 344 168 248 578 84 1790 90 1070 210 174 388 244 1431 73 189 50 49 554 97 706 927 37 43 328 27 58 259 16 91 277 164 636 374 78 304 38 15460 528 250 372 226 154 250 34 282 2 1984 14 642 352 94 36 6350 278 64 160 50 60 132 106 820 448 342 228 320 112 974 1950 372 182 8 1720 1604 338 1126 340 246 960 1916 896 2172 884 371 443
hsa-miR-766-3p 164 340 4 2 136 296 34 108 86 496 24 1028 84 2 462 102 54 142 154 216 226 216 810 0 69 35 4 31 70 55 113 1 10 21 7 80 188 98 136 19 166 1 65 12 142 644 94 34 164 162 76 882 24 0 120 200 166 2 942 42 560 30 44 2 108 214 124 90 132 6 46 150 2 306 62 134 22 316 70 10 238 212 52 126 4 714 198 120 6 4 908 3660 4624 1532 1237 1828
hsa-miR-766-5p 78 2 0 0 0 18 2 0 0 200 8 0 0 0 2 0 0 0 66 14 0 38 92 0 39 0 0 0 0 26 60 7 0 0 36 0 29 1 15 13 73 0 5 0 0 0 0 0 20 72 0 136 16 0 0 0 4 0 52 0 124 6 0 0 0 8 0 130 0 60 0 28 24 76 0 0 34 100 0 0 4 0 0 2 2 10 24 2 0 0 332 210 306 246 82 167
hsa-miR-767-5p 2 262 6 4 12 14 2 0 0 0 0 2 8 0 80 6 92 2 2 2 2 0 4 0 3 0 0 0 0 24 0 1 0 1 0 5 18 0 0 0 2 1 1 0 0 2 0 2 0 2 2 462 0 4 4 40 0 0 12 0 114 0 2 0 96 16 4 2 0 0 0 0 2 2 0 0 0 44 0 10 2 0 0 0 10 2 112 100 4 2 2958 2666 9500 1784 1319 1348
hsa-miR-769-5p 330 2078 892 4 2892 834 502 360 106 612 1100 1656 486 92 1298 614 252 2286 1426 330 8 966 1830 600 433 63 172 379 449 263 554 141 104 120 187 135 253 425 763 135 306 69 325 72 140 1224 624 638 1136 2034 450 2926 552 106 578 830 518 154 5112 198 2074 2 32 14 384 2122 96 346 240 194 40 88 52 648 604 738 966 264 1420 322 660 502 218 1342 388 536 2114 628 62 230 9832 12360 29408 6694 3183 2720
hsa-miR-7704 222 342 160 170 758 460 62 218 384 120 970 230 192 34 194 26 36 1310 162 342 4 296 528 18 78 71 31 66 126 98 146 273 301 37 178 75 89 72 55 77 226 4 166 12 166 486 208 56 166 342 170 574 14 178 334 196 240 0 1674 32 192 78 48 0 124 642 122 322 102 428 14 86 8 346 58 260 302 200 154 348 410 510 14 228 186 718 184 66 110 60 150 122 236 16 45 44
hsa-miR-7706 40 226 128 4 576 678 6 240 200 148 160 216 68 48 294 28 88 64 70 156 100 68 100 0 127 71 42 51 56 27 77 14 21 20 36 98 273 12 98 17 138 71 215 24 74 132 202 74 152 134 496 946 120 160 108 54 44 2 548 196 640 88 128 62 366 192 14 190 136 26 0 28 26 302 28 108 136 342 6 90 32 74 6 162 14 136 368 174 2 68 1842 3228 4004 1532 2376 2416
hsa-miR-7854-3p 2 0 0 0 14 0 0 0 0 0 0 0 0 0 0 0 0 0 0 0 0 0 0 0 15 0 0 0 0 0 0 0 0 0 0 0 0 0 0 0 0 0 0 6 0 0 0 0 0 0 0 6 0 0 0 0 4 0 24 0 48 0 0 0 0 0 0 0 0 0 0 50 0 0 0 0 0 0 0 0 0 0 0 0 0 0 0 0 0 0 28 0 98 2 5 17
hsa-miR-7975 10 34 0 0 68 0 0 0 0 0 0 0 0 0 56 0 0 2 14 2 0 0 118 0 2 0 0 0 0 1 1 0 0 1 0 0 0 0 0 0 0 0 83 0 0 0 0 0 10 16 2 0 2 0 0 0 0 0 0 0 14 8 0 0 0 16 0 0 0 0 0 0 0 0 0 14 30 0 0 0 2 12 0 0 0 0 36 0 0 26 8 20 8 70 1 70
hsa-miR-7977 2 4 0 2 8 4 0 30 0 4 4 38 2 0 4 2 0 0 0 4 0 2 2 4 1 0 0 0 0 0 1 0 1 0 1 0 1 2 1 0 0 0 0 2 2 0 0 2 4 0 0 6 4 0 0 0 0 0 2 4 2 0 0 0 2 2 6 0 0 4 0 0 0 6 2 2 2 0 6 2 2 4 0 46 4 4 2 0 0 0 2 6 8 0 0 1
hsa-miR-874-3p 180 2340 362 376 3822 330 246 794 276 128 880 446 128 0 488 112 164 1210 304 414 162 602 412 438 212 32 95 53 43 101 164 27 117 44 65 115 69 189 77 52 197 126 174 8 136 346 122 546 108 1020 110 652 284 354 418 256 458 0 3174 88 424 84 64 90 288 858 2 280 256 78 4 2 36 410 394 72 254 18 510 108 680 334 50 434 160 2046 654 92 208 182 4330 7548 4346 1482 1963 1454
hsa-miR-876-5p 68 44 0 0 0 0 0 0 0 0 0 0 0 0 0 0 0 0 0 0 0 0 0 0 0 0 0 0 0 0 0 0 0 0 0 0 9 20 0 0 0 0 0 0 0 0 0 0 0 0 0 0 0 0 0 0 0 0 0 0 0 0 0 0 0 0 0 0 0 0 0 0 0 0 0 0 0 0 0 0 0 0 0 0 0 0 0 0 0 0 0 0 0 0 0 0
hsa-miR-877-5p 82 0 4 0 100 72 6 18 134 8 216 448 66 28 162 4 30 28 30 52 0 66 318 0 7 6 20 7 25 16 144 49 0 39 35 28 35 79 67 1 96 0 43 30 196 140 88 66 108 480 2 206 24 0 82 0 74 100 252 0 830 92 2 72 76 90 0 138 0 0 2 38 66 96 14 0 0 2 0 4 50 70 10 0 2 2 10 152 0 18 582 1404 2182 516 1157 1136
hsa-miR-887-3p 2 0 0 0 0 0 0 0 0 0 0 0 0 0 18 0 0 0 0 0 0 0 2 0 0 0 0 0 0 0 0 0 0 0 0 0 0 0 1 0 0 0 0 0 0 0 0 0 0 0 0 8 0 0 0 0 34 0 4 0 0 0 0 2 2 0 0 0 0 0 0 0 0 0 0 0 0 188 0 0 0 0 0 0 2 0 56 0 0 0 0 210 64 0 583 288
hsa-miR-889-3p 180 0 0 0 0 0 2 114 0 38 2 414 0 0 26 0 50 0 0 0 182 0 284 110 43 0 11 4 10 6 106 0 21 0 21 1 25 75 0 0 0 0 0 78 0 38 0 0 0 0 0 264 132 4 66 44 8 30 2 0 0 0 100 0 0 152 0 30 46 54 0 130 0 0 268 0 4 0 2 0 0 378 90 0 0 156 0 2 0 36 0 0 0 0 0 0
hsa-miR-9-3p 1290 9540 1238 980 854 5332 1024 3870 56 5614 1840 384 1508 6 610 2392 1328 1348 5286 1376 122 1274 3258 4000 4680 531 2288 18 1800 47 550 235 965 376 587 610 3007 1453 41 152 103 956 729 1282 4 5866 1078 80 1576 130 2494 1768 1226 2620 3104 1280 1474 792 68260 5330 156 22 234 56 352 13858 488 1772 210 5948 24 198 270 114 9432 3724 3486 5782 1380 116 378 2628 400 570 11722 434 18228 296 2218 66 40976 45376 77328 19460 12052 8075
hsa-miR-9-5p 932 21772 798 452 688 4740 892 3160 116 5026 758 512 1536 58 1256 2190 1354 1504 5280 996 70 1790 4846 3228 5143 633 1726 44 1033 179 243 183 521 342 352 170 2133 1131 64 223 621 651 798 1358 114 6654 1108 414 1378 38 2174 4848 1176 1536 1806 746 1416 424 130698 3550 296 152 304 96 1816 11694 446 2110 98 2136 32 288 312 312 5556 2098 2412 10932 1134 318 574 1748 536 864 7022 290 37236 418 846 140 90466 106788 198862 41742 27590 18815
hsa-miR-92a-1-5p 2 102 76 2 464 42 18 92 38 242 340 232 12 28 202 62 76 362 146 222 24 146 356 18 336 52 12 109 51 54 189 9 0 25 28 85 66 28 106 62 94 43 155 10 66 36 68 56 0 198 394 178 612 50 36 40 38 192 382 44 1008 76 38 100 34 340 2 2 148 0 0 2 62 178 64 214 332 162 48 108 152 82 10 140 346 26 672 762 166 24 3908 5918 6326 1556 1776 2108
hsa-miR-92a-3p 113832 119184 71004 40474 162122 76988 98648 73714 69508 193904 38798 435048 33538 11862 231110 48204 57294 91016 37418 74808 70778 74770 438806 77950 82045 17837 12718 30303 41828 23894 147453 19630 55609 11238 28585 15788 28506 75325 46627 74197 31253 26592 114331 23654 44032 123718 18476 79668 58052 121482 103364 123106 93660 40334 63170 132790 63548 82738 497268 15274 436464 22642 68208 28824 235114 109210 26864 84524 179072 56998 8364 123116 8046 111312 166254 67436 81260 44062 67378 72472 99160 151036 30356 56650 98340 113658 511924 136330 48098 64202 3820068 4155228 4973218 1456286 1823835 1658632
hsa-miR-92b-3p 864 132 334 36 440 298 1482 36 662 2068 20 966 116 48 732 76 130 92 74 322 134 54 728 672 570 47 257 78 43 12 181 53 30 11 57 60 253 50 373 157 201 150 1 24 24 474 182 484 392 76 492 734 202 206 410 204 196 572 250 270 196 334 348 118 436 252 42 182 352 0 12 320 24 222 396 88 138 162 34 622 456 70 42 20 128 78 508 1650 156 84 36328 56876 67840 23902 16489 20858
hsa-miR-93-3p 340 52 26 180 128 32 264 56 56 18 58 592 44 86 270 12 170 14 48 4 44 0 218 162 16 7 0 81 29 23 131 54 12 46 10 32 20 113 62 14 3 133 39 2 92 224 110 58 110 2 16 176 42 16 54 72 92 4 516 2 338 48 238 64 94 18 4 86 136 144 2 372 0 242 136 52 98 38 22 72 8 84 70 62 2 218 264 72 52 58 6638 8792 11898 4306 2950 3155
hsa-miR-93-5p 8490 31828 4540 3306 34554 7626 5548 6796 6402 15636 7418 67090 4498 3912 21114 1434 9042 4754 11230 2558 3410 4948 38294 6450 3923 1295 1788 5037 5789 4431 10720 929 3548 900 4240 1814 6445 9879 3481 1943 3217 3830 3444 2720 5134 21070 4000 6454 12246 15622 5658 24862 5422 3084 4780 11534 7194 6022 65124 2810 61140 3618 7914 1892 7446 10974 1626 4834 17054 6026 1266 13680 654 18496 21802 4802 6184 3340 7300 5610 9304 15574 3606 9898 6810 10834 27318 8584 2258 6588 243866 369328 589380 154260 81117 91698
hsa-miR-937-3p 2 94 0 0 130 0 0 2 0 0 0 2 0 10 18 0 0 14 0 0 0 2 0 22 18 0 0 0 0 0 47 0 0 0 7 0 0 0 0 0 0 0 5 10 0 32 32 0 40 16 0 100 0 0 0 0 0 0 108 30 60 0 0 0 10 0 0 0 0 0 0 0 0 0 22 0 0 0 26 0 0 0 0 16 48 2 56 42 54 46 70 42 58 6 8 128
hsa-miR-940 2 0 0 30 76 0 42 0 0 36 0 18 18 0 18 0 0 2 0 0 0 0 118 18 0 2 6 2 13 1 14 13 16 4 9 0 0 0 0 24 0 0 80 2 0 0 0 0 42 44 0 42 10 0 20 50 16 0 100 0 2 2 0 0 4 128 60 0 34 18 0 32 0 46 0 12 0 0 0 0 0 0 18 0 0 0 44 104 0 2 232 324 656 198 115 255
hsa-miR-941 94 268 184 120 454 148 126 204 272 314 40 412 112 150 198 28 78 142 124 110 2 152 228 332 98 13 27 55 92 44 365 12 72 9 112 18 144 279 50 125 77 275 56 36 140 414 84 252 190 422 74 1050 86 76 90 380 268 120 516 156 724 52 418 56 150 400 52 2 276 568 0 462 0 284 366 88 156 414 160 26 70 44 20 338 468 180 448 262 272 22 638 1192 1442 540 169 524
hsa-miR-942-5p 416 54 2 4 436 10 150 104 154 154 170 668 60 44 152 0 98 82 110 50 92 0 526 118 215 39 26 46 41 65 148 35 51 1 54 15 28 215 50 58 16 107 74 22 254 252 58 2 50 96 90 378 76 4 40 120 120 244 1318 16 134 14 128 20 26 174 32 176 182 56 86 216 50 70 174 144 100 80 30 130 168 262 56 48 100 68 122 366 0 54 2346 3540 4578 1422 715 590
hsa-miR-96-5p 124 476 470 116 4332 1896 1050 116 200 1248 194 6670 1454 8 1318 154 80 214 330 128 8 64 470 528 671 86 121 78 440 55 1026 6 166 235 32 127 23 1779 53 6 130 34 6 100 682 2062 46 254 38 104 118 2400 974 384 534 2692 72 50 10812 1244 1550 90 18 74 612 3622 16 168 216 1018 90 46 36 2172 414 1160 1480 122 2708 18 4996 434 0 1828 338 398 196 24 140 124 5002 2496 32898 4030 5414 1728
hsa-miR-98-3p 44 24 0 0 0 116 0 0 0 0 0 24 0 0 0 0 18 20 0 2 0 0 2 0 11 1 13 0 7 0 54 0 0 0 0 0 5 16 22 0 0 0 0 0 6 2 0 0 20 44 0 0 0 0 0 30 40 0 60 0 58 22 0 0 0 34 0 0 0 0 0 98 0 26 64 0 0 66 6 2 0 0 2 4 72 22 0 0 0 42 62 0 112 94 0 0
hsa-miR-98-5p 10282 3890 4120 3038 5706 4752 6304 4116 5208 4196 2156 46784 2642 1364 13712 1348 5158 924 4588 1630 3532 1218 25778 4122 3300 782 1207 2113 4951 1025 12465 1216 2335 862 3342 581 2669 5849 1873 1724 1590 1291 831 1832 1630 12838 3626 5978 7588 4384 2282 17664 3162 2596 4734 10238 5726 8084 38984 1622 12160 2314 8078 620 2516 5910 1710 3744 15764 4790 700 15262 554 7646 12714 2172 1916 1764 1054 2600 4494 11432 4398 2764 2432 12532 6010 5044 1464 3784 38838 36504 42882 8110 2000 2336
hsa-miR-99a-5p 5476 88582 38924 468 90954 3668 658 22868 7600 1044 14516 75854 23722 156 191188 228 810 378 36466 6510 938 358 2032 16898 2534 16994 141 275 24965 5047 1258 2618 17386 2695 541 129 33836 577 8873 9690 15238 534 52406 14468 15276 21956 18364 23650 24450 134526 192 245116 1610 1872 3710 10298 3146 84 4530 194 104768 6914 812 604 3936 77410 1200 372 21024 8096 2860 11856 638 139604 1774 622 858 9420 642 6308 95698 594 142 718 9038 128374 81608 550 714 18464 46500 40474 79980 12136 23195 10027
hsa-miR-99b-3p 54 0 0 0 18 0 0 70 0 0 0 0 0 0 16 0 0 0 0 0 0 0 0 0 1 0 0 4 57 0 0 0 0 0 0 0 24 0 14 0 0 0 0 0 0 24 78 0 52 0 0 136 0 0 40 26 10 0 0 0 0 0 0 8 0 58 0 0 0 0 0 0 0 0 2 0 0 0 0 62 0 60 0 0 0 0 0 0 0 0 0 0 0 0 0 0
hsa-miR-99b-5p 4286 748 9202 1784 412 2488 1664 1720 2202 1908 72 7736 638 750 300 408 952 92 292 304 2956 150 8634 3848 334 186 121 130 4957 67 1011 315 337 588 779 621 934 1320 1644 208 66 509 64 230 184 2662 8124 1936 4546 302 1408 13320 1160 4478 5668 2490 4358 2460 2668 70 584 106 3460 424 128 2520 144 1622 3236 970 114 2468 4 396 2448 1020 1302 684 166 5150 1344 3076 1028 168 1232 1138 504 1466 546 680 14 16 110 14 32 52
hsa-let-7f-2-3p 0 12 0 0 52 24 0 0 0 0 56 2 0 0 0 0 0 44 0 0 0 42 0 0 11 0 0 0 23 3 0 0 1 0 0 0 0 0 0 0 1 0 0 0 0 0 18 0 0 0 0 28 0 0 0 0 0 0 236 0 0 0 0 0 6 18 0 0 0 0 0 0 0 0 0 0 0 0 12 0 0 44 0 0 46 0 0 0 0 0 26 0 34 0 0 50
hsa-let-7g-3p 0 160 100 0 42 118 36 182 0 154 46 122 48 2 56 2 4 86 30 24 16 2 32 0 1 24 19 18 22 16 46 0 7 1 13 0 21 48 8 13 0 0 60 4 0 12 2 0 60 84 32 98 56 0 0 64 14 2 548 12 2 0 2 0 0 162 0 32 46 16 0 16 0 138 20 116 74 44 106 0 10 48 0 50 0 114 52 0 0 0 56 22 124 2 0 3
hsa-miR-106a-3p 0 44 0 0 0 0 0 0 0 0 0 52 8 0 0 0 62 0 0 0 0 0 0 0 0 0 0 0 0 1 0 0 0 0 0 0 0 0 0 0 0 0 12 0 12 34 0 0 0 82 0 66 0 0 34 0 0 0 0 0 0 0 0 0 0 14 0 0 16 22 0 0 0 30 102 32 0 0 0 0 0 0 0 0 0 0 0 0 0 0 0 0 0 0 0 0
hsa-miR-1179 0 26 0 0 0 82 0 0 0 46 50 26 0 0 0 0 0 42 58 2 0 36 0 0 14 0 0 5 8 1 49 1 0 0 0 26 38 15 57 0 0 0 52 0 0 0 0 0 0 0 100 0 0 0 0 0 2 0 54 0 0 0 2 0 0 16 0 0 20 38 0 0 0 22 0 0 88 0 0 130 0 16 0 52 0 0 0 0 0 0 0 0 106 58 41 0
hsa-miR-1225-3p 0 18 0 0 0 0 0 0 0 0 0 0 0 0 0 0 0 0 0 0 0 0 0 0 0 0 0 0 0 0 0 0 0 0 0 0 0 0 0 0 0 0 0 0 0 0 0 0 0 0 0 0 0 0 0 0 0 0 0 0 0 0 0 0 0 0 0 0 0 0 0 0 0 0 0 0 0 0 0 0 0 0 0 0 0 0 0 0 0 0 0 0 0 0 0 0
hsa-miR-1225-5p 0 14 0 2 4 0 14 10 6 0 12 0 0 0 0 0 0 8 0 2 4 0 40 12 1 1 0 4 0 0 5 0 1 0 0 0 1 0 1 0 1 0 2 0 4 0 0 0 4 6 2 6 2 0 0 4 42 0 10 0 2 0 0 0 0 0 0 2 4 0 0 10 0 2 6 0 0 0 12 0 0 2 0 0 0 4 2 2 0 0 0 8 12 4 0 3
hsa-miR-1244 0 14 0 8 312 86 2 280 0 2 8 84 2 98 16 28 0 4 88 250 160 28 0 112 31 1 52 0 0 85 4 30 126 0 35 1 0 0 21 22 89 205 1 388 34 0 8 6 632 90 0 74 652 26 334 80 94 238 366 114 122 126 0 0 572 60 246 14 2 140 2 0 0 100 86 86 152 0 156 412 100 138 82 808 0 162 700 46 202 240 22 70 238 42 43 48
hsa-miR-1247-5p 0 16 32 0 0 0 0 40 0 0 0 0 74 0 0 0 0 0 0 0 0 0 0 0 0 0 0 1 0 0 0 0 0 0 0 0 0 0 0 0 0 0 0 0 0 0 0 0 0 0 0 0 0 0 0 0 44 0 22 0 0 0 0 32 0 0 0 0 0 0 0 0 0 0 0 2 0 2 0 0 0 0 0 8 0 0 0 0 0 0 0 0 0 0 0 0
hsa-miR-1252-5p 0 26 0 0 146 0 0 0 0 0 0 0 0 0 0 0 0 0 0 0 0 0 0 0 0 0 0 2 0 0 0 0 0 0 0 0 0 0 0 0 0 0 0 0 0 0 0 0 0 24 0 0 0 0 0 0 0 0 0 0 0 0 0 0 0 0 0 0 0 0 0 0 0 0 0 0 0 0 0 0 0 0 0 0 0 0 0 0 0 0 0 0 18 0 0 33
hsa-miR-1266-5p 0 78 0 0 0 0 0 0 0 0 0 0 0 0 0 26 0 0 0 0 0 0 0 0 0 0 0 0 0 0 0 0 0 0 0 0 0 37 0 0 0 0 0 0 0 0 0 0 0 0 0 0 0 0 0 0 0 0 0 0 0 0 0 0 0 0 0 0 10 2 0 0 0 18 4 0 0 0 0 0 0 0 0 0 18 0 0 0 0 0 0 0 0 0 0 0
hsa-miR-1269a 0 4 0 0 4 336 0 0 78 20 2 34 44 0 0 26 6 2 302 0 0 2 14 0 1 85 1 250 106 13 1 0 2 0 0 0 191 1 346 29 349 0 2 24 0 0 206 2 3452 34 0 388 2 0 0 184 0 0 2 4 2 0 0 0 0 22 0 68 2 2 0 32 12 0 32 0 0 4 48 2 46 2 0 46 36 0 0 912 0 0 0 0 0 0 0 0
hsa-miR-128-1-5p 0 44 0 0 118 2 46 46 0 22 0 58 0 0 32 24 0 26 36 80 0 0 80 36 49 0 0 26 0 0 40 0 0 0 23 0 0 5 0 0 0 18 32 0 0 18 34 0 6 22 32 0 0 2 2 2 0 0 316 48 32 12 0 0 8 94 0 0 0 0 0 30 0 38 56 10 0 0 0 2 36 0 0 0 0 96 112 0 0 0 250 522 716 242 164 94
hsa-miR-1287-3p 0 20 0 0 0 0 0 0 0 0 0 0 0 0 0 0 0 0 0 0 0 0 0 0 0 0 0 0 0 0 0 0 0 0 0 0 0 0 0 0 0 0 0 0 0 0 0 0 0 20 0 0 0 0 0 0 0 0 0 0 0 0 0 0 0 0 0 0 0 0 0 0 0 0 0 0 0 0 0 0 0 0 0 0 0 0 0 0 0 0 0 0 0 0 0 0
hsa-miR-1289 0 20 0 0 12 0 0 0 0 0 0 0 0 0 0 0 0 0 2 0 0 0 0 0 0 0 0 0 17 0 0 0 0 0 0 0 0 0 0 0 0 0 0 0 0 0 0 0 0 14 0 0 0 0 50 0 0 0 38 0 0 0 0 0 0 0 0 0 0 0 0 0 0 0 0 0 0 0 0 0 0 0 0 0 0 0 0 0 0 0 0 0 0 0 0 0
hsa-miR-129-2-3p 0 6 0 0 0 0 0 0 0 26 0 0 0 0 20 0 0 0 0 0 0 2 0 0 0 0 0 0 0 0 0 0 18 0 0 13 0 0 0 0 0 0 0 0 0 0 0 0 0 0 108 128 30 0 22 0 0 0 2 0 0 0 0 0 0 0 0 0 42 2 0 0 0 0 0 12 66 0 0 0 0 0 18 0 0 2 58 0 0 0 0 0 0 36 0 0
hsa-miR-1295a 0 8 14 0 642 4 0 0 42 0 146 4 0 0 36 48 36 2 56 2 0 0 0 102 98 0 0 45 93 25 14 0 1 5 10 4 117 103 10 50 1 0 1 0 150 64 0 0 650 0 16 220 20 72 80 58 8 0 370 0 284 20 0 82 252 22 0 0 10 0 0 0 0 318 424 2 0 0 98 0 50 0 0 0 260 414 600 770 54 2 24 0 0 0 2 0
hsa-miR-1299 0 84 0 0 0 202 0 2 0 124 24 664 2 14 0 0 42 0 0 0 0 0 0 0 0 12 0 0 4 5 33 0 0 0 0 8 0 0 1 1 0 0 0 0 18 14 0 0 16 0 0 0 0 0 40 12 0 0 4 2 0 0 2 0 0 84 0 2 0 0 0 0 0 0 0 0 54 0 0 0 0 0 0 0 0 0 2778 0 0 0 0 0 0 0 0 0
hsa-miR-1307-5p 0 48 10 0 42 62 0 0 0 8 100 46 0 0 148 2 80 78 0 0 0 50 0 12 19 5 20 6 34 0 54 0 9 5 1 0 16 41 0 0 27 13 26 0 10 18 0 0 100 36 0 84 2 0 0 0 2 40 100 0 210 0 0 0 30 122 2 0 20 0 0 14 0 64 38 12 22 0 18 28 0 42 0 10 0 56 92 0 0 44 248 334 800 106 266 161
hsa-miR-135a-5p 0 24 406 52 0 2 0 24 0 18 28 30 16 0 8 434 8 0 4304 0 0 12 4 10 9 7 10 10 1897 8 11 0 7 103 12 7 9 8 2 0 26 0 4 16 4 18598 3286 0 32350 10 0 3946 34 0 0 46 14 0 192 8 0 0 0 0 0 2 0 64 150 16 0 14 0 0 36 10 34 0 86 90 0 26 0 18 0 32 34 0 0 10 2 0 0 0 0 0
hsa-miR-135b-5p 0 84 18 0 236 0 190 4 3220 1046 0 4 6 26 162 2 2 0 866 2 2 0 4 196 557 61 0 365 1 1 0 72 424 0 8 0 1 3 0 43 1 0 1 2 908 4 4 2 66 24 2 6 66 112 312 98 2 0 402 0 30 8 0 0 2 2 2 100 4 0 0 34 2 48 70 38 52 104 0 0 36 0 0 0 0 0 2 0 2 0 0 2 70 0 2 0
hsa-miR-141-3p 0 392 32 0 220 1500 132 336 134 548 232 2158 64 0 78 0 24 30 92 2 2 124 60 154 154 24 52 27 21 14 205 0 59 14 19 13 132 289 31 0 3 18 181 74 14 58 54 76 146 136 2 576 48 12 38 132 162 4 2502 50 112 0 0 0 2 82 0 200 150244 56 0 100 0 120 156 120 146 70 170 52 148 62 26 210 226 210 260 54 182 30 44 0 98 0 0 0
hsa-miR-144-3p 0 94 286 0 214 548 188 440 72 1138 36 756 10 12 238 0 944 0 122 0 296 0 330 478 90 63 68 52 297 32 11 22 366 1 61 28 585 632 60 6 1 74 2 126 64 206 48 338 20 54 126 218 118 94 60 962 170 278 814 42 28 16 272 34 0 176 94 228 906 812 56 160 24 86 4536 300 396 58 68 2 32 348 68 86 444 90 346 2 34 84 2 6 4 0 0 0
hsa-miR-152-5p 0 36 0 0 74 0 0 0 0 2 68 0 0 0 28 0 32 0 2 2 0 24 0 0 0 0 0 0 0 0 17 0 0 30 0 0 0 1 0 0 0 0 0 0 0 0 4 0 0 0 0 32 0 0 0 0 0 0 0 0 4 0 0 0 0 0 0 0 18 0 0 0 0 0 46 4 18 0 0 0 0 0 0 0 92 0 0 0 0 0 0 0 0 0 0 0
hsa-miR-154-5p 0 2 0 76 0 2 0 0 0 0 0 0 0 0 4 0 0 0 0 0 54 0 0 0 0 0 0 0 0 0 0 0 0 0 0 0 0 0 0 0 0 0 0 0 0 0 0 0 0 0 0 0 2 0 0 0 0 0 0 0 0 0 0 0 0 0 0 0 0 0 0 70 0 0 52 0 0 0 0 0 0 0 0 0 0 0 0 0 0 0 0 0 0 0 0 0
hsa-miR-155-3p 0 24 0 2 2 2 0 2 0 4 734 226 0 0 242 0 2 26 50 0 0 0 0 2 0 1 16 2 0 1 27 0 0 0 11 0 0 15 0 0 0 0 0 0 24 0 4 2 14 132 0 2 16 0 0 0 0 0 150 0 744 10 0 0 0 778 2 0 0 76 0 118 0 118 2 2 0 0 24 8 0 154 0 2 14 182 0 0 0 2 0 0 26 0 0 3
hsa-miR-181b-3p 0 226 26 0 104 0 92 0 2 0 0 32 8 0 2 0 0 0 12 0 0 0 4 0 53 0 30 17 11 1 0 1 0 0 4 0 17 0 0 0 1 0 0 2 0 56 100 2 2 0 0 28 6 0 18 12 0 0 158 20 2 0 82 20 0 144 0 0 18 0 0 0 18 2 30 0 42 2 0 70 30 0 0 0 0 0 18 0 0 0 286 196 972 80 25 3
hsa-miR-181c-5p 0 30 102 0 898 248 32 196 0 106 72 500 106 164 20 2 104 32 14 6 4 106 588 0 29 9 2 2 47 26 2822 0 48 4 29 5 14 109 11 24 10 33 42 8 58 104 172 42 28 212 68 260 14 2 92 50 82 2 9784 0 96 34 74 12 0 108 4 6 94 52 2 20 14 60 322 132 8 4 42 6 584 128 62 2 358 380 42 22 0 74 4 2 154 0 2 2
hsa-miR-181d-5p 0 12 0 2 436 0 54 144 74 8 0 222 2 50 50 0 70 48 4 6 0 0 0 0 16 0 5 0 68 2 225 1 1 0 27 1 28 30 2 25 0 1 25 14 0 140 2 38 4 10 2 74 20 52 26 142 22 0 2804 0 52 0 104 38 2 2 4 0 12 36 22 168 24 2 86 34 48 62 2 212 108 30 18 12 352 50 0 4 2 0 38 2 12 0 16 0
hsa-miR-186-3p 0 22 0 0 2 0 0 0 0 0 70 50 0 0 0 0 0 0 0 0 0 2 0 0 0 18 0 0 0 0 34 0 1 0 0 0 0 0 0 0 0 0 0 0 0 0 0 0 0 0 0 6 0 0 0 20 2 0 0 0 0 0 0 0 0 18 0 18 0 0 0 0 100 16 0 6 0 0 0 0 0 0 0 0 0 0 46 0 0 0 0 0 0 0 12 0
hsa-miR-187-3p 0 24 0 48 0 0 0 0 0 0 0 0 0 0 0 0 0 0 0 0 0 0 0 0 0 0 0 0 0 0 0 0 0 0 0 0 0 0 0 0 0 0 0 0 0 0 0 0 0 0 0 0 0 102 0 0 0 0 0 0 0 0 0 0 20 0 0 0 0 0 0 0 0 0 0 0 0 0 0 0 0 0 0 0 0 0 0 0 0 0 2 0 0 0 0 0
hsa-miR-188-5p 0 48 0 0 0 0 0 0 0 0 0 0 0 0 0 0 0 0 0 0 0 0 2 0 8 0 0 0 0 0 0 0 1 0 0 2 0 0 0 0 0 0 12 0 0 0 0 0 22 6 0 26 0 0 0 0 22 0 0 0 42 0 0 0 0 0 0 0 0 0 0 0 0 0 0 6 0 0 0 0 14 28 0 0 0 0 0 0 0 0 54 170 134 136 0 24
hsa-miR-18b-5p 0 6 2 0 0 0 0 0 0 0 0 0 0 0 10 0 0 0 2 0 0 0 0 0 0 1 0 0 41 0 21 0 0 0 0 0 0 14 0 0 0 0 0 10 0 0 0 0 0 12 0 48 0 0 0 0 0 0 2 0 58 0 0 0 2 0 0 0 0 0 0 0 0 2 28 0 0 0 0 0 2 0 0 0 32 0 0 48 0 0 124 182 220 2 47 29
hsa-miR-1910-5p 0 66 0 0 24 0 0 0 0 0 0 22 0 0 0 0 0 0 0 0 0 0 0 0 0 0 0 0 0 6 0 0 0 0 0 0 0 0 0 0 0 0 0 0 0 0 0 0 0 0 90 0 0 0 0 0 0 0 236 0 16 0 0 0 2 0 2 36 0 0 0 0 0 2 0 0 0 2 0 0 0 0 0 0 0 28 0 0 0 0 432 404 110 0 0 0
hsa-miR-1911-5p 0 34 2 0 150 0 0 0 2 398 4 2 38 0 0 0 0 64 10 2 2 2 0 2 75 0 0 63 32 122 20 55 90 7 0 293 12 0 172 0 76 53 0 2 0 2 34 0 1310 216 0 2 28 2 2 68 2 0 2 2 40 16 2 0 150 20 0 0 0 4 0 74 0 0 2 74 2 10 6 2 1096 0 0 36 2 2 2060 1202 0 2 38 150 338 120 0 127
hsa-miR-195-3p 0 14 2 22 0 0 52 0 236 0 4 58 0 0 0 0 28 0 88 0 0 0 0 38 8 0 12 4 0 0 0 0 0 0 0 0 28 28 0 0 1 21 0 0 0 0 16 28 0 2 180 4 30 26 140 16 66 0 50 8 24 30 0 2 0 26 0 2 0 0 0 72 0 44 0 20 50 0 0 0 80 18 0 2 0 2 0 32 0 0 0 0 38 0 0 0
hsa-miR-19a-5p 0 12 0 0 0 0 0 0 0 0 0 0 0 0 0 0 0 0 0 0 0 0 0 0 0 0 0 0 0 0 0 0 0 0 0 0 0 0 0 0 0 0 0 0 0 0 0 0 0 0 0 0 0 0 0 0 0 0 0 0 0 0 0 0 0 0 0 0 0 0 0 0 0 0 0 0 0 0 0 0 0 0 0 0 0 0 0 0 0 0 0 0 54 0 0 0
hsa-miR-200a-3p 0 4 2 0 210 4 0 146 2 266 112 180 2 114 36 22 150 112 32 28 58 32 122 172 7 12 104 5 32 25 934 0 0 22 10 4 2 122 14 19 33 24 102 14 12 68 10 164 8 250 0 114 32 142 52 114 36 0 370 128 274 0 6 0 22 94 0 56 24890 20 0 0 0 184 176 48 110 34 50 0 148 110 2 128 58 146 48 18 234 4 0 0 2 0 2 0
hsa-miR-203a-3p 0 14 0 0 48 2 2 2 0 24 76 72 24 0 42 0 0 34 42 0 0 0 2 0 57 3 14 13 0 0 17 0 0 0 152 1 2 11 0 0 1 32 22 26 12 2 0 50 0 90 172 2 12 70 68 40 76 4 178 0 10 0 102 0 4 16 0 140 28 0 0 0 0 1240 118 12 74 74 68 2 0 364 12 0 148 140 80 280 0 18 32 838 338 102 170 47
hsa-miR-20a-3p 0 76 2 62 280 26 2 68 2 188 26 336 0 48 138 2 60 82 92 4 0 2 88 26 55 0 2 55 57 8 198 40 25 27 36 1 23 142 68 305 29 38 17 8 18 158 6 84 20 272 56 242 204 58 10 92 106 52 740 0 190 34 56 36 86 112 2 80 28 84 98 142 0 30 138 138 88 2 62 10 170 96 12 58 104 440 352 146 46 0 2290 3026 2826 700 896 712
hsa-miR-210-3p 0 28 0 2 108 2 0 0 0 0 62 94 0 0 58 56 50 24 48 0 0 2 0 0 16 1 23 46 24 0 8 0 0 0 0 0 27 75 13 0 0 0 0 0 36 2 0 0 2 42 0 58 10 0 4 0 28 0 128 0 242 8 0 4 2 78 0 2 38 0 0 12 2 260 12 32 16 0 0 26 110 52 46 4 24 40 0 44 0 0 116 420 190 22 0 0
hsa-miR-210-5p 0 28 0 0 56 0 0 0 50 26 40 94 0 0 50 0 2 0 8 0 0 0 0 0 0 0 4 0 13 0 5 0 0 0 8 0 0 15 3 0 0 0 0 0 6 74 0 0 0 0 0 0 0 0 0 0 0 0 10 4 0 0 0 0 0 22 0 0 0 96 0 42 0 10 38 0 18 0 0 0 0 0 0 0 0 0 6 82 0 0 52 116 36 10 0 0
hsa-miR-215-3p 0 4 0 0 0 0 0 0 0 0 0 0 0 0 0 0 0 0 0 0 0 0 0 0 0 0 0 0 7 0 0 0 0 0 0 0 0 0 0 0 0 17 0 0 0 0 0 0 0 0 0 0 0 0 0 0 0 0 0 0 0 0 0 0 0 0 0 0 58 0 0 0 0 48 42 88 0 0 0 0 0 0 0 0 0 0 0 0 0 0 0 0 74 52 0 0
hsa-miR-217 0 20 144 0 0 0 0 0 0 0 0 24 0 0 0 0 0 0 0 0 0 0 0 0 0 0 0 0 0 0 0 0 9 0 0 0 0 0 0 0 0 0 0 2 0 0 16 0 0 10 0 0 0 0 0 0 0 0 42 0 0 0 0 0 0 0 0 0 0 0 0 0 0 0 0 0 0 0 0 0 0 34 0 0 0 0 66 42 0 0 0 0 0 0 0 2
hsa-miR-218-1-3p 0 2 12 0 0 10 0 44 0 2 4 42 0 0 196 2 4 0 38 0 0 0 62 0 1 20 1 1 0 1 3095 0 0 24 0 15 1 8 7 0 18 0 0 0 4 162 34 108 0 144 0 42 6 2 0 2 6 0 566 2 2 0 0 0 0 224 2 0 2 64 0 0 2 0 2 0 0 0 44 0 32 114 4 0 0 20 2 0 0 106 0 0 0 2 0 0
hsa-miR-219b-5p 0 2 0 0 0 0 0 34 0 0 0 14 0 0 26 0 0 0 0 0 0 0 0 0 0 0 0 0 0 0 0 0 0 0 0 0 0 1 0 0 0 0 0 0 0 0 0 0 0 0 0 0 0 0 0 0 8 0 0 0 0 0 0 0 0 0 0 0 64 38 0 0 0 0 0 0 0 0 0 0 0 0 0 0 0 26 0 32 0 0 0 46 8 0 0 0
hsa-miR-296-3p 0 34 0 2 36 0 2 0 0 64 2 0 2 0 36 62 0 52 20 0 0 58 0 0 22 0 0 0 1 17 0 13 8 0 8 14 21 10 25 0 14 0 9 0 26 0 0 2 102 320 32 0 0 0 0 0 0 62 220 0 152 50 0 0 32 14 0 0 0 0 0 0 4 50 46 0 0 0 32 0 26 50 0 0 0 74 18 72 0 0 170 90 692 270 115 220
hsa-miR-296-5p 0 238 108 62 92 90 0 0 26 22 24 4 2 0 320 14 0 68 34 2 0 2 2 0 103 32 0 19 93 78 1 27 6 57 0 26 1 9 13 33 28 1 49 2 110 98 56 38 92 80 2 142 10 0 88 136 20 4 348 0 152 0 0 0 92 98 0 0 0 36 0 0 2 100 68 62 2 34 146 98 218 30 0 50 252 292 158 156 2 116 272 446 832 270 443 433
hsa-miR-301a-3p 0 26 36 0 36 76 0 0 92 40 28 198 152 0 82 2 130 40 12 114 0 34 108 0 0 0 5 17 21 0 32 0 0 19 0 9 13 0 10 1 31 1 24 16 0 108 6 0 48 22 20 568 0 0 6 78 24 58 30 0 58 0 14 26 4 32 0 2 36 0 0 92 0 130 30 68 0 0 0 2 94 50 0 12 2 2 98 2 2 0 756 734 3830 430 479 370
hsa-miR-301a-5p 0 12 0 2 0 72 0 0 2 0 0 214 0 0 122 0 46 0 0 0 2 0 86 0 6 12 0 0 11 0 38 0 0 0 10 15 22 0 0 0 0 0 0 0 0 24 18 0 0 0 0 246 2 72 0 0 0 0 0 0 0 0 80 0 2 2 0 0 14 46 0 94 0 28 0 0 30 0 0 0 0 20 0 0 4 2 4 0 2 0 148 246 1474 244 228 54
hsa-miR-3064-3p 0 26 0 0 78 0 0 16 0 20 0 0 112 0 44 0 0 34 0 0 2 0 2 0 21 0 0 0 14 0 22 0 0 0 0 0 0 0 0 16 1 0 0 0 0 20 22 0 34 0 0 106 0 0 154 12 0 0 2 0 4 0 0 0 60 2 0 0 0 108 0 0 0 0 2 0 0 0 2 0 0 12 0 0 0 0 114 0 0 0 0 0 28 0 0 0
hsa-miR-30c-1-3p 0 2 0 2 0 0 0 0 2 0 0 94 0 0 6 0 0 70 56 0 74 0 68 0 23 0 8 4 0 17 0 35 0 0 6 7 1 54 18 0 68 0 0 0 0 0 0 74 40 48 56 0 0 68 0 4 30 0 28 0 80 10 0 0 0 16 0 0 0 0 0 24 0 50 0 0 0 30 0 0 4 28 0 54 0 2 0 38 0 56 268 282 250 94 109 79
hsa-miR-30d-3p 0 190 12 2 0 0 26 0 0 10 20 46 36 0 34 0 32 0 34 0 0 20 38 14 0 0 1 2 1 11 66 0 5 0 0 0 7 49 10 0 0 0 0 0 0 22 0 0 0 0 0 88 0 0 0 6 32 0 130 0 34 0 0 0 2 14 0 0 36 0 0 40 0 34 42 2 16 0 0 0 0 6 0 48 0 0 32 16 0 14 112 6 302 22 7 0
hsa-miR-3128 0 16 0 0 0 0 0 0 0 0 0 6 0 0 12 0 38 0 14 0 0 0 0 0 0 0 0 0 0 0 0 0 0 0 0 0 0 0 0 0 0 0 0 0 0 0 34 0 0 0 0 6 0 0 0 0 0 0 6 0 0 0 0 0 0 0 0 0 0 0 0 0 0 4 0 0 0 0 0 0 0 0 0 0 0 26 0 0 0 0 204 98 108 22 8 0
hsa-miR-3135a 0 30 0 0 0 0 0 50 0 0 0 0 0 0 0 0 0 0 0 0 0 0 0 0 0 0 0 0 0 0 0 0 0 0 0 0 0 0 0 0 0 0 0 8 0 0 0 0 0 0 0 0 0 0 0 0 0 0 0 0 0 0 0 0 0 0 0 0 0 16 0 0 0 0 0 0 0 0 0 0 0 0 0 0 0 0 0 0 0 0 0 0 208 0 0 0
hsa-miR-3144-3p 0 30 0 0 26 0 0 0 0 0 0 0 0 0 4 4 60 0 0 0 0 0 4 0 0 0 0 0 0 6 0 0 0 0 0 0 0 0 0 0 1 0 0 0 0 0 0 2 0 0 0 6 0 0 2 0 0 0 44 0 0 0 0 0 0 0 0 0 0 0 0 0 0 0 0 0 0 0 0 0 2 0 0 0 2 0 6 2 0 0 434 936 2680 554 451 198
hsa-miR-3146 0 30 0 0 0 0 0 0 0 0 0 0 0 0 0 0 0 0 0 0 0 0 0 0 0 0 0 0 0 0 0 0 0 0 0 0 0 0 0 0 0 0 0 0 0 0 0 0 0 0 0 0 0 0 0 0 0 2 0 0 0 0 0 0 0 0 0 0 0 0 0 0 0 0 0 0 0 0 0 0 0 0 0 0 0 0 0 0 0 0 10 0 12 60 0 0
hsa-miR-3149 0 30 0 0 0 0 0 0 0 0 2 26 0 0 0 0 0 0 0 0 0 0 0 0 0 0 7 0 0 0 17 0 0 0 0 0 0 0 0 0 0 0 0 0 0 0 0 0 0 0 0 4 0 0 0 0 2 0 40 0 0 0 0 0 0 0 0 2 0 0 0 0 0 0 2 0 0 0 0 0 0 0 0 0 0 0 0 0 0 0 0 0 174 4 0 0
hsa-miR-3158-3p 0 2 2 0 16 0 0 0 0 0 0 178 2 0 50 0 0 0 8 0 0 0 0 0 44 0 0 0 0 5 0 0 0 0 0 0 9 0 0 0 0 0 0 0 0 24 0 0 0 34 0 16 0 32 40 6 2 0 0 0 0 0 0 0 58 62 0 0 0 0 0 0 0 0 26 2 0 0 0 0 0 28 8 0 0 0 0 0 0 0 60 0 26 0 0 0
hsa-miR-3171 0 18 0 0 0 0 0 0 0 0 0 0 0 0 0 0 0 0 0 0 0 0 0 0 0 0 0 1 0 0 0 0 0 0 0 0 0 0 0 0 0 0 0 0 0 0 0 0 0 0 0 0 0 0 0 0 0 0 0 0 0 0 0 0 0 0 0 0 0 0 0 0 0 0 0 0 0 0 0 0 0 0 0 0 0 0 0 0 0 0 0 0 0 0 0 0
hsa-miR-3182 0 52 0 0 2 96 0 20 0 32 0 46 0 0 0 0 0 0 0 0 88 0 0 0 0 0 0 0 0 0 32 0 0 0 0 0 0 0 0 27 0 0 0 6 4 8 0 0 0 2 0 42 0 112 0 0 22 0 2 0 50 0 0 0 0 0 0 116 0 0 0 0 0 0 44 98 0 0 2 0 0 0 0 0 0 52 0 0 0 0 42 0 224 0 0 41
hsa-miR-3188 0 8 0 0 122 0 0 0 0 0 0 0 0 0 26 0 0 0 0 0 0 0 0 0 0 0 0 0 0 0 0 0 0 0 4 0 5 0 0 17 0 0 0 4 0 0 0 0 0 18 0 0 0 0 0 0 0 0 148 0 0 0 0 0 156 0 2 12 0 0 0 20 22 0 4 0 0 0 0 0 0 60 0 60 0 84 92 0 0 0 0 0 0 42 28 0
hsa-miR-3194-3p 0 16 0 0 0 4 0 0 0 18 12 0 0 0 26 0 0 0 0 0 0 0 0 0 0 0 0 0 0 0 14 0 0 0 5 0 0 0 18 50 20 0 0 22 0 6 0 0 0 0 0 38 0 0 0 0 0 0 0 0 66 0 0 0 0 0 0 0 0 0 0 0 0 90 0 52 2 0 0 0 0 0 0 0 0 0 0 0 0 0 0 0 2 0 0 0
hsa-miR-3195 0 56 0 32 78 12 0 2 50 2 844 4 32 0 34 0 2 676 874 362 0 0 0 0 1555 1 1 0 7 0 39 50 38 21 0 21 16 0 8 0 7 0 0 2 0 280 0 384 58 142 0 6 0 64 0 0 0 2 88 0 10 0 48 0 36 8 2 62 0 24 0 2 0 0 0 38 28 0 28 184 0 10 0 10 0 34 60 322 84 2 48 0 0 0 0 0
hsa-miR-3200-3p 0 20 0 0 4 2 0 0 0 0 0 0 0 0 2 0 0 0 0 0 0 0 108 0 0 0 0 0 0 0 0 0 0 0 0 0 0 0 0 0 0 1 0 0 0 0 0 2 0 0 0 24 0 2 2 0 0 0 0 0 0 0 0 0 0 0 0 0 0 0 0 0 0 32 0 0 0 0 0 0 2 0 0 0 2 0 0 4 2 0 630 578 2078 666 550 374
hsa-miR-324-3p 0 122 0 0 58 12 18 0 16 20 2 130 16 52 132 0 6 6 22 4 0 36 18 2 0 1 19 13 62 17 69 2 2 23 13 0 56 21 0 11 25 0 80 46 28 0 10 0 156 14 2 12 38 0 2 14 52 0 286 90 100 12 0 10 16 84 2 124 8 0 0 0 0 156 2 74 2 0 4 22 94 54 0 78 152 18 198 8 0 22 78 122 814 150 304 248
hsa-miR-33a-3p 0 152 46 2 28 2 52 22 0 0 0 128 110 0 272 118 0 92 68 2 0 2 4 0 39 0 71 38 23 57 12 2 25 0 0 4 10 14 7 0 26 1 141 38 24 0 32 54 42 24 0 176 14 48 116 124 4 0 444 0 116 0 0 28 66 108 4 60 12 2 0 0 0 188 0 6 72 66 80 4 52 28 22 202 6 230 536 2 0 30 1154 1444 2210 260 197 73
hsa-miR-33a-5p 0 38 0 0 0 4 0 108 0 246 2 68 34 20 84 50 4 6 12 0 0 0 76 0 27 21 0 12 0 8 29 0 0 0 1 6 34 2 1 0 0 0 12 0 26 80 0 0 10 88 0 176 0 24 0 36 0 36 122 0 132 0 0 0 0 0 0 0 0 0 0 30 0 18 42 0 64 0 80 2 0 54 0 60 2 0 16 0 0 0 700 214 972 2 251 0
hsa-miR-3529-5p 0 6 0 0 0 0 0 0 0 0 0 0 0 0 0 0 0 0 0 0 0 0 0 0 5 0 0 0 0 5 0 0 0 0 0 0 0 0 0 0 0 0 0 0 0 0 0 0 0 0 0 0 0 0 0 0 0 0 0 0 0 0 0 0 0 0 0 0 0 0 0 0 0 0 0 0 0 0 0 0 0 0 0 0 0 0 0 0 0 0 0 0 0 24 0 0
hsa-miR-3610 0 2 0 0 0 0 0 0 32 0 0 0 0 0 0 0 0 0 0 0 0 48 2 0 0 0 0 0 0 9 1 0 28 0 0 0 0 0 0 0 0 0 0 0 18 0 0 0 82 0 0 0 2 0 0 0 14 0 0 0 0 0 0 0 0 0 0 0 0 0 0 0 0 0 62 0 0 0 0 8 0 0 0 0 0 0 0 0 0 0 0 80 0 0 0 0
hsa-miR-3614-3p 0 14 0 0 34 0 0 0 0 0 0 0 0 0 156 0 0 0 0 0 0 0 0 0 0 0 0 0 0 0 0 0 0 0 0 0 0 0 0 0 0 0 0 0 0 0 0 0 0 4 0 130 0 0 0 0 0 0 0 0 20 0 0 0 0 52 0 0 0 0 0 0 0 4 0 0 0 0 20 0 74 0 10 0 0 0 70 0 52 12 0 0 0 0 0 0
hsa-miR-3614-5p 0 24 0 66 78 18 44 8 0 2 0 2 0 40 66 0 0 0 0 0 10 0 0 0 0 19 2 0 5 0 47 0 6 0 0 0 21 0 0 0 0 16 0 0 0 0 0 0 2 12 64 498 2 0 0 12 26 0 0 50 58 0 0 0 0 150 0 0 16 0 0 0 0 26 14 2 0 0 0 0 0 24 0 20 84 12 94 50 0 0 0 0 0 0 0 54
hsa-miR-3616-5p 0 16 0 0 0 0 0 0 0 0 0 0 0 0 8 0 0 0 0 0 0 0 0 32 0 0 0 6 26 0 0 0 0 0 0 0 15 0 26 0 0 0 0 0 0 0 0 0 0 0 0 40 0 0 0 0 0 0 0 0 106 0 0 0 0 0 0 0 0 86 0 0 0 0 128 0 0 64 0 0 0 0 0 0 0 0 32 0 0 0 0 0 0 0 0 0
hsa-miR-362-3p 0 60 2 0 0 88 0 0 2 6 30 116 0 0 106 0 74 0 26 0 58 36 66 0 24 16 0 6 43 3 17 0 17 0 39 33 0 13 0 0 12 36 1 2 0 166 0 0 94 28 0 90 8 2 22 48 28 0 324 0 104 0 0 0 12 78 0 0 16 20 0 0 2 32 68 4 0 0 0 0 2 86 10 0 4 26 80 0 0 0 20 40 372 28 88 81
hsa-miR-3658 0 12 0 0 0 90 0 0 0 0 0 0 42 0 0 0 0 0 0 0 0 0 0 0 0 0 0 0 0 0 0 0 0 0 0 0 0 0 0 0 0 0 0 0 0 0 0 86 38 0 0 0 0 0 4 14 0 0 0 0 0 0 0 0 0 0 0 0 0 0 0 0 0 0 0 0 0 0 0 0 0 0 0 0 0 0 82 0 0 0 0 0 0 0 0 0
hsa-miR-3664-3p 0 42 0 0 0 0 0 0 0 20 0 0 0 0 8 0 0 0 0 0 0 0 0 0 0 0 0 0 0 0 0 0 0 0 0 0 0 0 9 0 0 0 0 0 0 0 0 0 0 0 0 0 0 0 0 0 0 0 0 0 0 0 0 0 0 0 0 0 72 0 0 0 0 0 0 0 0 0 2 0 0 0 0 0 0 0 34 0 0 0 80 0 40 2 0 0
hsa-miR-3678-5p 0 12 0 0 0 0 0 0 0 0 0 0 0 0 0 0 0 0 0 0 0 0 0 0 0 0 0 0 0 0 0 0 0 1 0 0 0 0 27 0 0 0 0 0 0 0 6 0 0 0 0 8 0 0 0 0 0 0 0 0 0 0 0 0 0 16 0 0 28 0 0 0 0 0 26 0 0 0 0 0 0 12 0 0 0 0 8 0 0 0 0 0 40 24 0 0
hsa-miR-3688-3p 0 42 0 0 174 0 0 0 0 32 0 98 0 0 38 0 0 72 0 74 0 0 40 0 0 0 0 8 0 7 0 0 0 3 1 0 0 0 0 0 0 0 0 0 0 44 16 0 0 60 0 68 30 0 0 10 46 0 70 0 0 0 0 0 0 50 0 0 2 0 0 0 0 0 28 0 0 18 0 0 50 0 0 0 0 62 40 0 0 0 88 186 188 8 0 0
hsa-miR-3912-3p 0 250 14 0 198 34 0 60 0 0 70 164 56 0 138 0 0 112 168 0 22 0 48 34 0 2 5 1 19 3 46 1 18 0 11 0 10 23 16 0 0 1 0 16 10 60 4 36 0 16 0 172 8 0 0 0 4 0 98 0 26 0 0 0 8 106 0 24 0 0 0 62 0 120 30 42 84 0 46 2 90 48 0 18 30 80 62 0 0 0 0 0 42 0 0 0
hsa-miR-3912-5p 0 30 0 0 22 0 0 0 0 0 0 0 0 0 0 0 0 0 0 0 0 0 0 0 0 0 0 0 0 0 0 0 0 0 0 0 0 0 0 0 0 0 0 0 0 38 0 0 0 0 0 36 0 0 0 2 0 0 0 0 0 0 0 0 0 0 0 0 0 0 0 0 0 0 0 0 0 0 0 0 0 0 0 0 0 0 0 0 0 0 0 0 0 0 0 0
hsa-miR-3934-5p 0 14 0 0 68 110 0 10 0 74 4 64 0 0 58 80 0 16 12 50 0 0 0 0 50 0 5 8 0 0 6 6 17 0 0 0 7 0 28 0 0 0 6 14 0 0 0 18 0 0 0 54 2 0 0 0 0 0 106 0 40 0 0 0 0 2 0 2 0 0 0 0 2 4 26 94 74 2 0 0 0 90 0 8 0 72 40 2 82 0 74 184 320 64 36 276
hsa-miR-4284 0 42 0 0 0 0 0 0 0 0 0 14 14 0 34 0 0 0 0 0 0 0 0 0 0 0 0 0 0 0 0 0 0 0 0 0 2 0 0 0 0 0 0 0 0 0 0 0 0 0 0 0 20 0 0 0 4 0 0 0 26 0 0 0 0 12 0 0 0 0 0 0 0 0 0 0 0 0 0 0 0 0 0 0 0 0 2 0 0 0 0 0 0 0 0 0
hsa-miR-4289 0 2 0 0 0 0 0 0 0 0 0 0 0 0 0 0 0 0 0 0 0 0 0 0 0 0 0 0 0 0 0 0 0 0 0 0 0 0 0 0 0 0 0 0 0 0 0 0 0 0 0 0 0 0 0 0 0 0 0 0 0 0 0 0 0 0 0 0 0 0 0 0 0 0 0 0 0 0 0 0 0 0 0 0 0 0 0 0 0 0 0 0 0 0 0 0
hsa-miR-4326 0 50 0 0 34 2 0 0 0 56 2 268 0 18 98 0 0 2 14 0 0 0 2 34 19 4 0 26 0 4 80 0 0 12 0 0 37 27 14 0 49 48 9 2 0 76 34 0 54 68 2 122 2 0 0 44 0 0 278 0 126 0 0 0 40 138 0 0 0 0 0 106 6 12 152 8 22 0 8 22 0 12 0 30 66 230 58 142 0 80 120 166 592 16 102 119
hsa-miR-4435 0 8 0 0 0 0 0 0 0 0 0 0 0 0 0 0 0 0 0 0 0 0 78 0 0 0 0 0 0 0 17 0 0 0 0 18 1 0 0 0 0 0 0 8 0 0 0 0 0 0 0 24 0 0 0 46 0 24 0 0 0 0 0 0 0 0 0 0 0 0 0 0 0 0 0 0 0 0 0 0 0 0 0 0 0 0 0 94 0 0 0 94 0 0 0 0
hsa-miR-4437 0 142 84 0 480 608 0 0 6 384 560 76 34 12 12 0 28 416 216 994 64 86 496 32 112 7 25 6 72 45 86 2 0 72 19 88 10 23 15 0 0 1 157 32 164 172 220 0 248 264 324 76 132 174 172 16 28 0 42 10 168 190 12 2 226 924 32 130 48 24 0 96 2 60 0 214 354 0 314 168 0 438 0 102 204 184 24 228 78 2 78 2 74 78 58 172
hsa-miR-4444 0 54 14 0 18 44 0 0 0 46 28 0 0 0 0 0 0 0 0 42 0 2 0 0 0 0 0 0 0 20 32 38 0 0 0 0 8 0 0 0 0 0 17 12 0 26 30 0 68 4 0 0 12 58 0 0 6 0 0 0 0 0 0 0 74 84 0 0 0 0 0 0 0 0 2 84 0 0 0 50 0 0 30 0 0 0 0 0 0 0 0 0 24 0 0 33
hsa-miR-4451 0 54 0 0 0 0 0 0 0 0 0 0 0 0 0 0 0 0 0 0 0 0 0 0 13 0 0 0 0 0 0 0 0 0 0 0 0 0 0 0 0 0 0 0 0 0 0 0 0 0 0 0 0 0 0 0 0 0 0 0 0 0 0 0 0 0 0 0 0 0 0 0 0 0 26 0 0 0 0 0 0 0 0 0 0 0 0 0 0 0 0 0 0 0 0 0
hsa-miR-4473 0 74 0 2 16 308 0 0 30 226 54 70 28 36 148 10 0 36 38 0 54 0 38 0 9 18 57 24 0 23 36 0 7 0 6 0 12 40 1 7 17 32 195 12 40 0 10 192 34 328 174 126 28 0 0 20 2 0 300 2 50 0 0 0 6 146 2 0 42 22 0 0 0 140 58 60 194 2 2 50 0 0 0 24 116 190 158 76 0 0 132 262 270 24 48 63
hsa-miR-4474-3p 0 40 0 0 42 24 0 0 0 110 0 0 20 0 0 0 0 0 2 0 0 0 0 0 0 0 0 0 0 5 31 0 0 0 0 0 0 0 0 8 0 0 0 0 64 0 0 60 0 20 0 22 0 0 0 0 0 0 0 0 0 0 0 0 0 0 0 0 0 0 30 0 0 48 0 0 0 36 0 0 64 0 0 0 0 2 0 18 0 0 0 84 24 0 0 0
hsa-miR-4479 0 42 0 0 0 0 0 0 0 0 0 0 0 0 22 0 0 0 0 0 0 0 0 0 0 0 3 0 15 0 0 0 0 0 0 0 0 0 0 0 0 0 0 0 0 0 0 0 0 0 0 10 0 0 0 0 0 0 0 0 0 0 0 0 0 0 0 0 8 0 0 0 0 24 0 0 0 0 0 0 0 0 0 0 0 0 0 0 0 0 26 0 230 48 0 0
hsa-miR-4482-5p 0 96 0 0 0 0 0 0 0 0 0 2 0 0 0 0 0 0 0 0 0 0 0 0 0 0 0 0 0 0 0 0 0 0 0 0 0 0 0 0 0 0 0 0 0 2 0 0 0 0 0 0 0 0 0 0 0 0 0 0 0 0 0 0 0 0 0 0 0 0 0 0 0 0 0 0 0 0 0 0 0 0 0 0 0 0 0 0 0 0 0 0 0 0 0 0
hsa-miR-4485-5p 0 350 172 60 94 216 0 212 0 82 86 30 0 0 210 94 4 70 82 134 2 28 2 12 98 6 1 0 99 40 71 14 11 16 1 11 209 81 0 21 26 26 0 128 0 70 4 0 26 2 32 170 74 20 36 82 8 0 68 0 54 32 0 0 66 6 130 52 0 0 52 70 2 104 260 148 292 0 62 130 50 74 0 28 48 22 92 70 294 246 158 260 634 188 655 324
hsa-miR-4490 0 6 0 0 0 0 0 0 0 0 0 0 0 0 0 0 0 0 0 0 0 0 0 0 23 0 0 2 0 0 0 0 0 0 0 0 0 0 0 0 0 0 0 0 0 0 0 0 0 0 0 0 0 0 0 0 0 0 0 0 38 0 0 0 0 74 4 0 0 0 0 0 0 0 32 0 0 0 0 0 0 0 0 0 2 0 40 0 0 0 0 0 0 0 24 0
hsa-miR-4497 0 10 0 48 10 4 0 0 0 0 34 50 34 0 8 0 0 66 6 0 0 0 0 0 27 0 0 0 52 5 29 0 26 0 1 9 0 0 0 0 0 0 1 0 0 38 2 0 0 18 0 0 0 0 34 0 0 0 218 0 0 56 0 0 78 6 98 0 0 0 70 74 0 0 0 8 0 0 0 32 0 0 0 4 28 60 70 48 0 22 24 22 54 6 6 0
hsa-miR-4498 0 32 0 0 0 0 0 0 0 0 36 0 0 0 0 0 0 0 0 0 0 0 0 0 0 0 0 0 0 0 0 0 0 0 0 0 0 0 0 0 0 0 0 0 0 0 0 0 0 36 0 0 8 0 0 0 0 0 0 0 0 0 0 0 0 0 0 0 0 0 0 0 0 0 0 0 0 0 0 0 0 0 0 0 0 0 0 0 2 0 4 132 0 0 0 0
hsa-miR-449a 0 94 0 0 2 2 0 0 2 40 0 64 0 0 26 0 0 0 96 52 0 44 0 8 0 0 1 4 7 0 59 0 1 0 0 1 71 0 15 0 0 0 0 16 0 40 0 0 0 0 0 2 40 2 0 0 0 0 0 0 94 0 0 0 0 0 2 0 0 0 0 0 0 182 0 14 22 0 0 0 0 30 0 50 0 0 2 298 0 12 2 172 310 28 14 0
hsa-miR-449c-5p 0 10 0 0 0 0 0 0 0 0 0 0 0 0 6 0 0 0 8 0 0 0 0 52 0 0 0 0 0 0 0 0 0 19 0 0 0 0 0 0 0 0 0 0 0 0 0 0 0 0 0 0 0 0 0 0 0 0 0 8 34 0 0 0 0 2 0 0 0 0 0 0 0 6 0 0 0 0 0 0 0 0 0 0 0 0 0 54 0 0 0 140 458 42 71 0
hsa-miR-4505 0 2 0 0 0 0 0 0 0 0 0 0 0 0 0 0 0 0 0 2 0 0 0 0 0 0 0 0 0 0 0 0 0 0 0 0 0 0 0 0 0 0 0 0 0 0 0 0 0 0 0 0 0 0 0 0 0 2 62 0 4 0 0 0 0 0 0 0 0 0 0 0 0 0 0 0 0 0 14 0 0 0 0 0 0 0 0 0 0 0 42 0 0 0 0 0
hsa-miR-4515 0 26 0 0 0 0 0 0 0 0 0 0 0 0 0 0 0 0 0 0 0 0 0 0 0 0 0 0 0 0 0 0 0 0 0 0 0 0 0 0 0 0 0 0 0 0 0 0 0 0 0 26 0 0 0 0 0 0 0 0 0 0 0 0 0 0 0 0 0 0 0 0 0 0 0 0 0 0 0 0 0 0 0 0 0 0 0 0 0 0 0 0 34 0 0 0
hsa-miR-4524a-3p 0 4 42 0 0 0 0 0 0 0 0 0 0 0 0 0 0 0 6 0 0 0 24 0 15 0 0 1 0 0 35 0 0 0 0 0 0 0 0 0 0 0 12 0 0 8 0 0 26 0 0 6 0 0 0 0 0 0 0 0 0 0 0 0 0 0 0 0 0 0 0 0 0 24 0 0 0 0 0 0 0 0 0 0 0 30 106 0 0 0 0 0 56 0 0 0
hsa-miR-455-3p 0 4 90 0 14 372 164 76 182 70 0 8 0 0 0 66 18 0 10 4 2 2 22 108 0 16 0 1 1 1 1947 0 1 1 64 0 47 38 7 0 0 115 0 0 0 0 114 776 0 120 0 0 42 168 390 0 190 0 238 2 8 16 226 0 2 24 0 0 30 10 0 70 0 28 78 18 68 44 2 0 34 4 74 6 96 28 92 4 68 58 2 0 2 0 0 3
hsa-miR-4661-5p 0 16 0 0 46 0 140 0 0 44 38 30 0 0 2 0 0 0 6 2 0 28 0 0 0 0 0 0 0 0 0 0 0 0 0 0 0 0 0 0 1 0 0 0 0 0 2 0 0 0 0 66 0 0 0 0 0 0 2 0 18 0 0 0 0 0 2 2 0 26 0 8 2 0 0 30 0 0 0 0 0 0 0 24 0 0 0 0 0 0 244 732 722 116 30 70
hsa-miR-4677-5p 0 8 0 0 0 0 0 0 0 0 0 20 0 0 6 0 0 0 4 0 0 0 0 0 0 0 0 0 0 0 0 0 0 0 0 0 7 0 0 0 0 0 0 0 0 0 0 0 0 0 0 30 0 0 0 0 0 0 10 0 8 0 0 0 0 0 0 0 0 0 0 0 0 0 0 0 0 0 0 0 34 0 0 0 0 0 60 0 0 0 0 26 0 0 0 0
hsa-miR-4707-5p 0 32 0 0 0 0 0 0 0 0 0 20 0 0 0 0 4 0 0 0 0 0 0 0 0 0 0 0 0 0 0 0 0 0 0 0 0 11 0 0 0 0 0 0 0 0 0 0 0 0 0 0 0 0 0 0 0 0 0 0 0 0 0 0 0 0 0 0 0 26 0 0 0 0 0 0 0 0 0 0 0 0 0 0 0 0 0 0 0 0 0 66 14 14 76 17
hsa-miR-4712-3p 0 2 0 0 28 0 0 0 0 0 0 0 0 0 0 0 0 0 0 0 0 0 0 0 0 0 0 0 0 0 0 0 0 0 0 0 0 0 0 0 0 0 0 0 0 0 0 0 0 38 0 0 12 0 0 0 0 0 0 0 0 0 0 0 0 0 56 0 0 0 0 0 0 0 0 0 0 0 56 0 0 0 0 44 0 0 34 0 0 0 0 0 0 0 0 0
hsa-miR-4716-5p 0 14 0 0 0 0 0 0 0 0 0 0 0 0 0 0 0 0 0 0 0 0 0 0 0 0 0 0 0 9 0 0 0 0 0 0 0 0 0 0 0 0 0 0 0 0 0 0 0 0 0 0 0 0 2 0 0 0 0 0 0 0 0 0 0 0 0 50 0 0 0 0 0 0 0 0 0 0 0 0 0 0 0 0 0 0 0 0 0 0 0 0 0 0 0 0
hsa-miR-4723-3p 0 10 0 0 20 0 0 0 0 0 0 0 0 0 0 0 0 0 0 0 0 0 0 0 0 0 0 0 0 0 15 0 0 0 0 0 0 0 0 0 0 0 21 0 0 0 0 0 4 0 0 0 0 0 0 0 0 0 108 0 0 0 0 0 0 0 40 0 0 0 0 0 0 0 2 0 0 0 0 0 0 0 0 0 2 0 6 0 0 0 18 0 0 16 69 19
hsa-miR-4724-5p 0 18 0 0 0 0 0 0 0 0 0 0 0 0 0 0 0 0 0 0 0 0 0 0 0 0 0 0 0 0 0 0 0 0 0 0 0 0 0 0 0 0 0 0 0 0 0 0 0 0 0 0 0 0 0 0 0 0 0 0 0 0 0 0 0 0 0 0 0 0 0 0 0 0 0 0 0 0 0 0 0 0 0 0 0 0 0 0 0 0 0 0 0 0 0 0
hsa-miR-4734 0 18 0 0 0 0 0 0 0 0 0 0 0 0 0 0 0 0 0 0 0 0 0 0 0 0 0 0 0 0 0 0 0 0 0 0 0 0 0 0 0 0 0 0 0 0 0 0 0 0 0 0 0 0 0 0 0 0 0 0 0 12 0 0 20 0 0 0 0 0 0 0 0 0 0 0 0 0 0 0 0 0 0 0 0 0 0 0 0 0 0 0 0 0 0 0
hsa-miR-4742-3p 0 96 0 0 200 142 22 0 0 28 18 2 0 0 140 32 0 58 44 2 0 24 96 0 19 0 19 2 18 14 100 0 7 18 0 3 32 0 28 11 113 1 72 10 42 0 20 80 36 50 138 246 14 2 0 0 6 0 342 8 198 74 2 0 24 192 0 24 16 2 0 20 0 80 4 82 56 0 66 128 12 0 0 26 2 20 120 0 56 64 82 128 388 46 16 43
hsa-miR-4742-5p 0 80 0 0 0 0 0 0 0 2 0 198 0 0 12 126 0 0 0 0 0 0 0 0 0 0 0 0 3 0 64 0 0 0 1 0 0 0 0 0 0 29 0 0 0 52 28 50 24 52 0 64 0 0 0 0 20 2 170 0 0 0 0 0 0 0 0 20 0 0 0 80 0 0 20 0 0 0 0 0 0 18 0 14 0 0 12 110 0 0 0 0 194 0 14 20
hsa-miR-4745-3p 0 20 0 0 44 0 0 10 0 0 32 0 26 0 56 0 0 0 0 0 0 18 0 0 3 13 7 0 0 0 0 33 0 0 0 0 3 0 0 0 0 0 0 0 0 0 0 0 0 0 0 118 6 42 0 0 0 0 0 0 130 0 0 0 0 0 0 0 0 0 56 0 0 2 0 0 60 0 0 0 0 0 0 10 10 0 32 0 0 46 0 0 96 0 0 0
hsa-miR-4749-5p 0 6 0 0 0 0 0 0 0 0 0 0 0 0 26 0 0 10 2 0 0 0 0 0 0 0 0 0 0 0 0 17 8 0 0 0 0 0 22 0 0 0 21 0 0 0 0 0 0 0 0 0 8 0 0 0 0 0 36 0 0 0 0 0 2 0 0 0 0 16 0 0 0 0 0 0 0 0 0 0 0 0 0 0 0 0 0 0 0 0 0 90 0 0 0 0
hsa-miR-4767 0 12 0 0 0 50 0 20 0 0 0 0 0 0 0 0 0 14 4 0 0 0 56 20 0 0 0 0 0 0 0 0 0 2 0 0 4 0 0 0 0 0 12 0 34 0 0 0 18 0 74 2 4 0 72 14 26 0 32 0 12 0 0 0 0 2 0 0 0 0 0 0 0 36 0 28 10 0 36 0 0 0 0 2 0 0 0 8 0 0 0 0 0 0 0 0
hsa-miR-4781-3p 0 40 90 0 70 0 0 44 2 2 2 110 0 0 18 0 0 0 24 0 0 2 56 0 11 0 12 13 0 3 38 0 0 0 0 10 28 37 9 13 0 1 0 6 0 0 0 0 2 0 0 38 0 2 0 0 26 0 224 0 0 0 0 0 0 46 0 0 0 100 0 36 0 24 40 18 18 2 2 0 0 30 0 16 2 0 110 0 0 0 2 30 52 0 0 0
hsa-miR-4787-3p 0 154 100 0 0 156 0 2 40 114 52 2 32 0 76 40 0 0 0 170 0 34 0 48 45 24 0 4 1 7 38 1 1 0 0 22 30 54 29 0 9 0 16 22 42 26 24 18 76 238 0 682 60 0 0 0 2 0 76 0 180 0 0 0 0 0 2 126 124 2 0 0 0 0 0 12 30 0 10 2 54 0 2 84 74 38 86 166 0 32 0 66 2 0 0 37
hsa-miR-4802-5p 0 8 0 0 0 0 0 0 0 0 0 0 0 0 6 0 0 0 0 0 0 0 0 0 0 0 0 0 0 0 8 0 0 0 0 0 0 0 0 0 0 0 0 0 0 0 0 0 0 0 0 32 0 0 0 20 0 0 0 0 0 0 0 0 0 0 0 0 0 0 0 28 0 0 0 0 0 0 0 0 0 0 0 0 0 0 0 0 0 0 0 0 0 0 0 0
hsa-miR-488-3p 0 34 0 0 0 0 0 0 0 40 0 0 0 0 14 0 0 0 154 0 0 0 0 16 39 0 9 0 0 1 0 0 0 0 0 15 399 0 1 0 0 3 0 0 2 0 0 0 0 0 0 60 0 0 0 2 0 0 2 0 0 0 0 0 0 28 0 0 0 0 0 0 0 0 0 0 0 0 0 0 64 0 0 0 2 0 344 0 0 0 0 0 0 0 0 0
hsa-miR-491-5p 0 152 24 78 174 66 78 0 84 0 4 54 0 0 32 0 48 18 24 0 0 0 88 82 19 1 3 6 55 6 116 0 41 0 14 0 4 32 0 27 2 0 50 0 24 0 14 38 0 4 34 60 18 0 30 14 38 40 96 12 2 0 0 0 28 0 0 0 0 36 0 52 0 24 70 6 44 0 4 0 74 14 0 40 0 84 104 36 82 2 46 54 138 80 98 12
hsa-miR-497-5p 0 466 116 0 168 156 0 240 78 218 88 210 0 88 26 0 34 0 254 2 0 0 44 28 65 31 47 40 1 1 10 0 1 0 52 3 78 31 23 0 0 21 1 4 12 40 0 0 172 30 0 96 36 0 214 90 210 2 220 2 140 0 0 32 0 26 16 0 40 0 50 106 50 112 4 18 34 32 0 0 60 20 0 0 128 0 90 248 2 0 34 0 22 0 78 0
hsa-miR-4999-5p 0 24 0 60 0 0 2 2 0 0 0 92 0 0 10 0 0 44 10 0 0 0 0 42 0 26 11 6 1 5 21 0 0 0 0 0 6 21 12 0 0 0 31 0 42 2 0 50 8 0 0 0 18 0 38 34 0 0 240 32 14 0 0 0 0 46 0 0 20 0 0 0 0 0 0 12 86 16 94 12 0 96 0 42 0 40 2 0 0 2 20 0 0 0 0 0
hsa-miR-5001-3p 0 14 0 0 60 0 0 0 0 0 0 0 28 0 70 0 54 0 0 0 0 0 54 0 0 0 0 0 6 0 0 0 13 9 0 0 11 0 0 6 0 0 0 0 26 0 0 0 12 0 0 14 0 0 0 0 0 0 170 2 42 0 0 0 0 0 0 0 0 0 0 4 2 0 0 0 0 0 0 0 0 0 0 42 88 0 54 0 0 74 0 58 82 0 10 0
hsa-miR-5007-5p 0 24 0 0 0 0 0 0 0 0 0 0 0 0 0 0 0 0 0 0 0 0 0 0 0 0 0 0 0 0 0 0 0 0 0 0 0 0 0 0 0 0 0 0 0 0 0 0 0 0 0 0 0 0 0 0 0 0 0 0 0 0 0 0 0 0 0 0 0 0 0 0 0 0 0 0 0 0 0 0 0 0 0 0 0 0 0 0 0 0 0 0 0 0 0 0
hsa-miR-504-5p 0 198 0 68 80 256 28 2 274 18 0 274 108 66 8 0 132 2 82 0 100 36 48 34 43 1 8 5 62 43 57 46 25 8 1 70 13 0 53 0 82 20 67 12 98 0 166 148 60 374 2 204 16 62 36 22 72 2 42 0 412 24 0 0 70 16 0 34 110 26 0 2 0 2 10 0 4 0 120 2 106 38 64 150 0 4 1444 0 0 0 0 0 168 0 0 0
hsa-miR-509-3-5p 0 48 26 0 0 90 0 0 0 0 2 24 0 0 4 0 0 4 0 378 0 0 0 0 0 22 0 19 10 19 0 0 0 0 26 949 0 0 0 0 0 0 0 0 0 0 0 0 2 0 0 60 16 0 2 2 0 0 258 34 0 2 0 0 2 68 2 0 0 0 0 4 0 6 28 0 0 2 0 0 0 6 0 0 0 0 128 2 0 0 0 36 114 20 82 201
hsa-miR-5091 0 18 0 0 0 0 0 0 0 52 0 0 0 0 0 0 0 0 6 0 0 0 0 0 0 0 19 4 0 0 0 0 0 0 0 0 0 0 0 0 0 0 0 0 0 0 0 0 0 2 0 0 0 0 0 0 0 0 0 0 4 0 0 0 0 32 0 0 0 0 0 0 0 0 0 0 18 0 0 0 0 0 0 0 42 0 72 28 0 0 0 0 44 0 1 0
hsa-miR-5094 0 12 0 0 18 0 0 0 0 0 32 0 0 0 0 0 0 0 0 0 0 0 0 0 0 0 0 0 0 0 0 0 0 0 4 0 0 0 0 0 0 0 0 0 0 10 10 0 0 0 0 8 0 0 0 0 0 0 0 0 0 0 0 0 0 0 0 2 0 0 0 0 0 16 0 4 0 0 0 0 0 0 0 0 0 0 0 0 0 0 2 40 214 0 0 0
hsa-miR-512-5p 0 14 0 0 0 0 0 0 0 0 0 0 0 0 0 0 0 0 0 0 0 0 0 0 0 0 0 0 0 0 0 0 0 0 0 0 0 0 0 0 0 0 0 0 0 0 0 0 0 0 0 0 0 0 0 0 0 0 0 0 0 0 0 0 0 0 0 0 0 0 0 0 0 0 0 0 0 0 0 0 0 0 0 0 0 0 0 0 0 0 0 0 204 0 0 0
hsa-miR-513b-3p 0 24 30 0 0 118 0 2 0 0 58 62 0 0 18 0 0 32 22 38 0 4 0 2 0 18 0 0 0 8 0 0 16 0 16 19 0 0 0 0 0 0 0 0 0 26 0 0 0 0 0 36 16 0 0 116 0 0 140 0 0 0 0 0 2 0 2 96 0 6 0 0 0 0 50 0 0 0 0 0 0 40 0 0 0 0 156 0 0 0 0 0 720 76 279 76
hsa-miR-514a-3p 0 72 2 2 0 0 0 68 0 40 0 8 0 0 4 30 0 76 2 284 0 0 0 0 12 6 0 6 83 0 0 0 14 0 5 824 12 0 0 0 22 1 0 0 0 2 8 26 4 0 0 118 0 0 0 120 0 0 266 0 0 0 0 0 2 0 0 0 0 0 0 0 0 0 94 0 0 70 40 0 0 28 30 4 2 0 562 0 0 2 0 0 0 0 217 102
hsa-miR-517a-3p 0 56 2 0 2 1092 0 2 0 2 0 0 0 0 0 2 0 0 2 0 0 0 0 0 0 0 0 0 0 0 0 0 0 0 11 0 42 0 0 0 0 0 0 0 2 2 0 0 2 0 0 402 0 0 0 0 0 0 0 0 4 0 0 0 0 16 0 0 0 0 0 0 0 2 22 8 0 0 0 0 0 0 0 0 2 0 502 0 0 0 0 0 400 54 12 52
hsa-miR-517b-3p 0 56 2 0 2 1092 0 2 0 2 0 0 0 0 0 2 0 0 2 0 0 0 0 0 0 0 0 0 0 0 0 0 0 0 11 0 42 0 0 0 0 0 0 0 2 2 0 0 2 0 0 402 0 0 0 0 0 0 0 0 4 0 0 0 0 16 0 0 0 0 0 0 0 2 22 8 0 0 0 0 0 0 0 0 2 0 502 0 0 0 0 0 400 54 12 52
hsa-miR-542-3p 0 44 152 0 42 416 174 302 38 108 6 430 28 2 22 0 308 8 86 2 88 0 186 252 13 14 3 1 48 6 91 0 67 39 82 0 550 235 117 4 0 49 12 134 2 258 532 152 394 0 2 138 154 18 304 118 322 2 320 16 52 2 102 88 6 36 76 72 94 100 0 0 2 60 194 356 382 276 0 44 198 188 42 72 28 108 240 60 2 6 1390 1048 5062 324 570 184
hsa-miR-545-3p 0 48 0 0 0 0 0 0 0 0 0 0 0 0 2 0 0 0 0 0 0 0 0 0 0 0 0 0 9 1 13 0 0 0 0 0 1 0 1 0 0 0 0 0 0 0 0 0 2 0 0 0 2 0 0 0 0 0 38 0 4 0 0 0 0 0 0 0 0 40 0 0 0 0 0 0 0 0 0 0 0 0 0 0 58 0 0 0 0 0 68 0 0 0 0 0
hsa-miR-548ae-5p 0 18 0 0 0 0 0 0 0 0 0 0 2 0 0 0 0 0 0 0 0 0 0 0 0 0 0 0 0 0 0 0 0 0 0 0 0 21 0 0 0 0 0 0 36 0 0 0 0 0 0 0 0 0 0 0 0 0 58 0 80 0 0 0 0 0 0 0 0 0 0 0 0 0 0 0 0 0 0 0 0 0 0 0 0 0 0 0 0 0 0 0 0 0 0 0
hsa-miR-548ay-3p 0 76 0 0 0 68 0 0 0 74 48 52 0 0 14 0 0 36 92 0 0 0 0 0 8 0 1 3 1 0 6 0 0 1 0 0 15 44 12 11 12 0 0 12 0 52 10 0 0 4 0 114 0 0 0 2 0 0 4 0 58 0 0 0 0 80 0 0 48 0 0 20 0 2 28 0 16 0 0 0 0 0 12 22 0 52 38 0 0 0 196 148 400 62 56 75
hsa-miR-548k 0 38 0 0 28 2 0 0 0 0 0 198 0 8 20 0 12 0 10 8 2 0 82 0 28 0 0 17 0 6 19 0 49 0 28 14 0 44 0 0 0 40 0 0 2 92 0 18 22 50 0 86 6 68 2 120 0 2 158 0 68 0 0 30 0 70 0 0 74 98 0 24 2 58 22 4 32 2 0 2 4 148 36 36 44 66 30 0 56 0 808 746 2280 164 618 192
hsa-miR-548o-5p 0 8 0 44 0 0 0 0 0 0 0 0 0 0 0 0 0 0 0 0 0 0 0 0 0 0 0 0 0 0 0 0 0 0 0 0 0 0 0 0 0 0 0 0 0 0 0 0 0 0 0 0 0 0 0 0 0 0 0 0 0 0 0 0 0 0 0 0 0 0 0 0 0 0 0 0 0 0 0 0 0 0 0 0 0 0 0 0 0 0 0 0 0 0 0 0
hsa-miR-548q 0 42 68 0 288 0 66 90 0 0 0 108 38 28 48 30 10 0 38 2 0 20 52 42 39 20 1 9 7 8 47 0 10 7 7 19 0 19 8 12 0 0 0 10 40 0 0 0 30 106 0 60 62 0 28 0 28 0 828 14 160 68 0 0 0 158 4 58 86 2 16 0 0 158 12 40 44 0 162 40 0 114 0 60 2 54 90 0 0 24 48 336 226 2 26 0
hsa-miR-548x-3p 0 90 0 0 0 0 70 0 0 0 0 0 96 0 2 0 0 0 36 0 0 0 0 0 5 3 0 14 0 0 0 0 0 0 0 0 69 0 0 0 129 0 0 0 0 0 0 0 0 4 0 120 0 0 0 28 0 0 0 0 0 0 0 0 96 30 4 0 0 0 0 0 0 0 0 0 2 0 0 0 126 0 0 10 0 0 184 272 2 0 0 46 0 0 0 0
hsa-miR-550b-3p 0 16 0 0 0 0 0 0 0 0 0 0 0 0 0 0 0 0 0 0 0 0 0 0 0 0 10 0 0 0 0 0 0 0 0 0 0 0 0 0 0 0 0 0 0 0 0 0 0 0 0 0 0 0 0 0 0 0 0 0 0 0 0 0 0 0 0 0 0 0 0 0 0 0 0 0 0 0 0 0 0 0 0 0 0 0 0 0 0 0 0 0 0 0 0 0
hsa-miR-551b-3p 0 18 0 0 106 0 0 0 0 0 0 0 2 0 0 0 0 0 0 0 0 0 0 0 0 0 0 0 0 0 7 0 0 0 0 0 0 0 0 0 0 0 0 0 0 0 0 0 0 76 0 146 0 0 0 0 0 0 0 0 78 0 0 0 0 0 0 0 0 0 0 0 0 4 0 0 0 0 0 0 0 0 0 0 0 0 12 0 0 0 0 0 74 14 57 17
hsa-miR-551b-5p 0 30 8 0 280 0 0 2 2 0 0 0 0 0 150 0 0 4 0 2 0 0 0 0 1 46 0 0 0 2 0 0 0 0 9 0 0 0 22 1 21 0 0 0 0 0 0 4 40 42 2 432 0 0 0 0 0 0 22 0 522 0 0 0 2 0 2 42 0 0 0 0 0 2 38 0 0 38 0 0 0 0 0 2 0 0 18 2 0 0 1362 1170 1522 454 273 412
hsa-miR-5586-5p 0 10 0 0 0 0 0 0 0 0 0 98 0 0 0 0 0 0 0 0 0 0 144 0 0 1 0 0 0 0 1 0 0 0 7 0 0 11 0 0 0 0 0 0 0 52 0 0 0 0 0 16 0 0 0 0 0 52 0 0 0 0 0 0 0 18 0 0 0 0 0 46 0 0 0 0 0 0 0 0 0 20 0 0 0 0 0 0 0 0 0 0 0 0 0 0
hsa-miR-561-5p 0 24 0 0 0 0 0 0 0 70 0 0 0 0 0 0 0 0 0 0 0 0 2 0 0 0 0 0 0 0 0 0 0 0 0 0 19 0 0 0 1 0 0 0 0 0 0 0 0 0 0 46 0 0 0 0 0 0 0 0 48 0 0 0 0 0 0 0 0 0 0 0 0 118 0 0 0 0 0 0 0 0 0 0 0 0 0 0 0 0 0 0 130 0 0 0
hsa-miR-5690 0 22 0 0 2 0 0 22 0 18 0 0 0 0 56 0 12 0 8 0 0 2 56 0 14 6 0 0 0 0 59 0 0 0 0 0 25 31 22 25 0 0 0 0 0 0 0 32 0 0 2 24 0 0 0 0 0 0 2 0 64 0 0 0 2 22 0 0 0 32 0 0 0 136 28 20 8 0 0 18 0 52 0 0 0 0 0 42 0 18 48 0 68 20 72 0
hsa-miR-5695 0 26 0 0 18 2 0 0 0 0 0 0 0 0 0 0 0 0 0 0 0 0 0 0 0 0 0 0 0 11 0 0 0 0 0 0 0 0 0 0 0 0 0 0 0 0 0 0 0 0 0 0 0 0 0 0 0 0 0 0 0 0 0 0 0 0 0 0 0 0 0 0 0 0 0 10 0 0 0 0 34 0 0 0 0 0 0 0 0 0 0 0 2 0 0 0
hsa-miR-5701 0 186 0 88 72 422 14 74 38 86 120 150 0 0 88 6 16 268 70 70 102 34 70 128 88 24 10 24 125 7 35 1 35 0 7 31 54 62 5 9 100 72 44 44 22 118 56 134 22 72 44 70 60 2 34 104 30 66 320 30 68 16 28 0 0 58 32 140 300 54 84 74 0 246 50 264 34 0 6 0 190 188 0 100 400 96 320 92 68 94 28 2 88 20 0 0
hsa-miR-5703 0 2 64 0 58 30 28 0 0 0 0 40 0 0 0 0 0 26 4 22 0 0 0 0 0 0 0 21 7 0 10 2 0 0 0 0 6 0 0 0 37 15 12 0 0 0 0 0 0 0 0 20 0 0 0 20 0 0 0 0 0 0 0 0 0 42 0 0 0 0 0 0 0 0 0 0 0 0 0 2 0 6 0 0 694 26 110 0 0 0 34 0 0 0 0 0
hsa-miR-576-3p 0 68 0 0 148 2 128 40 138 0 8 814 0 64 154 18 24 0 50 0 2 0 182 0 12 0 0 37 17 58 216 0 0 0 7 2 0 11 22 11 25 30 1 14 44 86 86 152 102 126 0 134 26 0 0 80 34 2 648 0 338 6 86 24 90 120 0 60 66 56 0 72 2 24 124 42 104 96 18 52 100 34 8 12 4 18 138 80 2 42 956 834 1496 380 334 246
hsa-miR-577 0 58 0 0 0 162 0 0 336 6 0 3030 0 0 22 0 0 104 16 0 0 80 0 98 2 0 1 12 0 1 46 52 21 16 33 1 200 13 48 2 1 21 207 40 42 0 2 0 210 204 68 6 0 2 0 4 4 0 310 0 0 0 0 0 0 16 0 0 312 2 0 0 0 0 72 116 0 0 36 4 0 26 0 8 0 38 114 4 0 2 382 488 952 270 67 69
hsa-miR-582-3p 0 56 20 0 76 106 0 2 54 14 2 26 0 0 40 0 152 2 84 0 14 0 18 2 64 9 12 50 28 1 2 0 0 0 15 0 53 93 6 9 0 28 29 0 4 92 0 0 2 0 0 80 0 0 38 40 8 0 1000 0 4 0 0 0 0 0 0 2 72 58 2 36 0 0 42 8 58 0 16 2 220 14 2 18 42 84 126 0 2 16 114 156 0 0 78 14
hsa-miR-588 0 20 0 0 0 0 0 0 0 0 0 0 0 0 2 0 0 0 0 0 0 0 0 0 0 0 8 0 0 0 0 0 0 0 0 0 0 0 19 0 0 0 3 0 0 10 40 0 0 0 0 0 0 0 0 0 0 0 0 16 0 0 0 0 0 0 0 0 0 0 0 0 0 0 0 0 0 0 0 0 0 0 0 0 0 0 0 0 0 0 0 0 14 60 0 0
hsa-miR-600 0 4 0 0 0 0 0 0 0 0 0 0 0 0 0 0 0 0 0 0 0 0 0 0 0 0 0 0 5 15 0 0 0 0 0 0 0 0 0 0 0 0 0 0 0 0 0 0 0 0 0 0 0 0 0 0 0 0 0 0 0 0 0 0 0 0 0 0 0 0 0 0 0 0 0 0 0 0 0 0 0 0 0 0 0 0 0 0 0 0 32 0 48 0 9 0
hsa-miR-605-3p 0 20 0 0 0 0 0 0 0 34 28 160 4 0 0 0 0 0 2 0 0 0 142 0 1 0 0 11 7 0 0 0 0 0 18 20 50 0 0 1 0 0 37 0 2 0 0 0 2 0 2 24 0 0 0 48 2 52 0 0 0 0 0 0 0 0 0 34 102 0 0 0 0 0 54 22 16 0 0 0 0 62 0 0 0 0 0 0 26 0 0 0 62 0 0 0
hsa-miR-615-3p 0 12 98 2 8 84 4 12 176 78 0 244 0 52 8 0 0 6 0 76 0 50 36 80 0 19 10 6 0 0 0 0 21 0 43 0 0 52 0 0 1 29 0 0 16 0 10 172 0 10 0 0 20 38 204 20 94 0 80 0 0 2 84 128 0 12 2 0 0 0 0 156 0 2 2 30 34 0 2 0 52 0 0 2 90 0 100 62 30 0 1668 1200 112 22 19 48
hsa-miR-616-3p 0 4 0 2 164 46 70 0 0 0 60 0 0 0 20 0 0 0 2 0 18 20 0 4 26 0 0 4 45 0 256 0 0 7 0 0 0 0 5 0 1 0 1 0 8 20 0 28 0 50 14 12 0 32 4 2 0 2 42 0 14 0 0 0 20 0 0 0 0 0 0 0 0 20 0 2 16 0 10 2 38 0 0 0 0 226 0 30 0 0 44 0 6 2 0 2
hsa-miR-627-5p 0 6 0 56 0 54 0 0 0 44 2 2 0 0 0 0 0 0 0 0 0 0 0 92 0 17 5 2 0 38 0 0 0 0 13 0 7 12 0 0 41 0 28 0 14 12 0 0 0 0 0 8 14 0 0 18 0 0 0 0 0 0 0 0 0 0 0 0 0 0 0 0 0 10 120 28 0 0 0 0 0 30 0 0 70 22 0 0 0 0 0 46 0 0 0 0
hsa-miR-629-3p 0 186 38 0 2 2 18 88 86 176 0 244 14 0 254 0 0 66 18 160 2 86 0 0 22 0 0 7 28 2 29 32 19 15 10 15 23 33 10 0 28 0 0 4 8 72 68 46 6 66 0 60 30 62 0 34 2 52 294 0 56 62 0 0 0 20 0 0 14 0 0 26 0 68 148 10 20 86 18 2 42 92 0 34 0 214 64 156 24 44 626 1146 1938 402 322 208
hsa-miR-636 0 102 0 0 50 0 0 0 2 2 18 0 26 0 26 0 0 2 0 0 0 0 0 24 0 0 1 0 0 0 7 0 15 5 0 0 0 16 0 0 0 0 0 2 0 0 2 0 0 0 2 24 2 0 0 0 0 0 26 0 52 66 0 0 0 42 58 0 0 24 0 0 0 24 0 24 0 0 2 2 0 0 0 0 0 0 26 0 0 0 76 0 90 18 17 61
hsa-miR-642a-5p 0 2 22 0 484 0 0 94 0 170 2 512 2 0 0 56 14 32 14 2 0 94 0 60 78 2 32 15 151 24 97 0 77 53 0 17 10 99 0 28 97 0 0 2 240 148 72 252 0 2 0 246 14 0 2 0 18 0 690 22 122 0 0 54 28 2 2 2 0 0 42 0 48 90 210 36 0 128 0 4 86 90 0 0 46 0 50 0 2 0 824 1054 498 226 211 270
hsa-miR-6500-3p 0 8 0 0 2 0 0 0 0 0 0 0 0 0 0 0 0 0 0 2 0 0 0 0 0 0 0 0 0 0 0 0 0 0 0 0 0 0 0 0 0 0 0 0 0 0 0 0 0 0 0 0 0 0 0 0 0 0 0 0 0 0 0 0 0 0 0 0 0 0 0 0 0 0 0 0 0 0 0 0 0 0 0 0 0 0 0 2 0 0 0 172 318 36 22 0
hsa-miR-6501-5p 0 46 8 0 212 170 0 0 0 36 0 0 0 0 188 0 20 14 0 0 0 0 0 0 1 6 0 0 1 0 9 0 0 0 0 3 7 0 37 0 0 9 0 4 0 22 18 0 0 24 0 144 12 0 0 10 10 0 0 12 24 14 0 0 18 190 0 0 40 2 0 0 0 0 0 16 2 0 0 0 4 0 0 0 0 0 134 88 0 26 0 2 54 0 0 10
hsa-miR-6508-5p 0 24 0 0 0 0 28 0 0 0 0 0 0 0 0 0 0 0 0 0 0 0 0 0 0 0 0 0 0 0 0 0 0 0 0 0 0 0 0 0 0 0 0 0 0 0 0 0 0 0 0 0 0 0 0 0 0 0 142 0 0 0 0 0 0 0 0 0 0 0 0 0 0 0 0 0 0 0 16 0 0 0 0 0 0 0 0 0 0 0 0 36 0 0 0 0
hsa-miR-6511a-5p 0 96 2 0 54 4 0 0 0 0 0 0 0 0 76 0 0 0 0 0 0 0 0 0 0 0 0 0 0 1 12 0 0 0 0 0 0 0 0 0 0 0 0 0 0 0 0 0 14 14 0 2 0 0 0 0 0 0 154 0 36 0 0 0 0 0 0 0 0 0 0 0 0 0 0 0 0 0 0 0 0 0 0 16 0 0 2 0 0 0 8 0 12 0 34 0
hsa-miR-6511b-5p 0 96 2 0 54 4 0 0 0 0 0 0 0 0 76 0 0 0 0 0 0 0 0 0 0 0 0 0 0 1 12 0 0 0 0 0 0 0 0 0 0 0 0 0 0 0 0 0 14 14 0 2 0 0 0 0 0 0 154 0 36 0 0 0 0 0 0 0 0 0 0 0 0 0 0 0 0 0 0 0 0 0 0 16 0 0 2 0 0 0 8 0 12 0 34 0
hsa-miR-653-5p 0 2 0 0 46 0 0 0 0 0 0 0 0 0 2 0 0 2 0 0 0 2 82 0 0 0 0 0 0 0 0 0 0 0 15 0 0 13 0 0 0 0 0 0 0 0 0 0 0 0 0 0 0 0 2 0 24 0 200 0 0 0 0 0 0 0 0 0 0 0 0 0 0 2 40 0 0 0 0 0 0 0 2 0 0 0 0 2 0 0 18 128 390 36 101 73
hsa-miR-659-5p 0 112 124 0 196 0 0 26 0 80 0 0 12 0 2 0 10 0 44 28 56 0 0 66 0 0 0 3 27 3 7 0 0 0 0 0 16 16 0 0 9 0 25 8 0 0 32 0 34 0 0 88 0 2 0 0 8 0 130 0 0 0 0 0 0 30 0 24 0 4 0 0 0 28 0 0 10 2 120 0 52 22 0 12 4 20 24 96 0 0 0 38 14 72 0 0
hsa-miR-660-3p 0 42 0 0 0 0 0 0 0 0 0 0 0 0 10 0 0 0 2 0 0 0 90 0 0 0 0 0 0 4 0 0 0 0 0 0 0 0 0 0 0 0 0 0 0 10 0 0 0 0 0 16 0 0 0 42 0 0 0 0 0 0 48 0 0 0 0 0 0 0 0 0 0 0 0 0 0 0 0 0 30 0 0 0 0 0 0 0 0 0 40 0 0 0 0 0
hsa-miR-6729-5p 0 18 0 0 2 0 0 0 0 0 0 26 0 0 0 0 0 14 0 0 0 0 0 0 4 0 0 0 0 0 12 0 0 0 0 10 0 0 0 0 0 0 0 0 0 0 0 0 0 0 90 0 0 0 0 0 0 0 0 0 8 0 0 0 2 2 0 0 0 0 0 0 0 0 0 0 0 0 0 0 0 0 0 0 0 0 0 0 0 0 0 0 0 0 0 0
hsa-miR-6743-3p 0 16 0 0 38 4 0 0 0 2 0 0 0 0 0 0 0 18 0 0 0 0 0 0 0 0 0 0 0 0 0 0 0 0 0 0 0 0 0 0 0 0 33 0 0 0 0 0 0 2 0 18 0 0 0 0 0 0 0 0 0 0 0 0 0 0 0 0 0 0 0 0 56 0 20 38 0 0 0 0 0 0 0 0 0 0 0 0 0 0 0 0 0 12 0 0
hsa-miR-6747-3p 0 18 0 0 54 64 0 0 0 30 18 24 0 0 22 0 0 100 16 46 0 0 34 0 1 0 0 13 13 7 0 6 0 2 0 17 5 11 0 1 18 10 16 2 20 34 30 12 0 40 0 84 16 0 0 2 22 0 252 0 86 2 0 0 0 4 0 2 0 0 0 52 0 70 0 0 48 0 42 18 94 24 0 66 38 0 10 64 0 10 102 0 0 44 33 52
hsa-miR-6766-3p 0 8 0 0 0 0 0 0 0 0 2 0 0 0 0 0 0 0 0 0 0 12 0 0 0 0 0 0 19 0 0 0 10 6 6 0 0 0 0 3 0 0 0 0 0 0 0 36 0 0 0 0 6 0 0 0 16 0 62 0 0 0 0 0 0 0 0 0 0 0 0 0 0 0 0 0 0 0 0 0 0 0 0 0 0 0 20 0 0 0 0 0 0 0 0 0
hsa-miR-6769b-3p 0 18 0 2 0 94 0 0 0 0 30 0 0 0 28 0 0 2 0 0 0 0 82 0 3 0 2 2 0 0 0 0 0 2 0 0 0 0 0 12 0 0 12 0 56 0 0 76 50 8 50 0 0 0 0 0 0 0 64 0 44 0 0 0 2 0 0 0 40 18 0 0 0 10 0 0 22 0 20 0 0 0 0 0 0 0 0 0 0 0 0 0 0 0 0 0
hsa-miR-6789-5p 0 2 0 0 0 0 0 0 0 0 0 0 0 0 0 0 0 0 0 2 0 0 0 0 0 0 0 0 0 0 0 0 0 0 0 0 0 13 0 0 0 0 0 18 0 0 0 0 0 0 0 0 0 0 0 0 0 0 0 0 0 0 0 0 0 0 0 0 0 0 0 0 0 0 0 0 0 0 0 0 0 0 0 0 0 0 0 0 0 0 0 0 62 0 0 0
hsa-miR-6793-3p 0 34 48 0 24 0 0 0 0 32 68 0 0 32 0 0 0 0 62 40 0 26 18 0 0 0 0 0 0 0 0 0 0 9 0 0 0 0 0 8 0 0 0 0 14 0 54 0 0 42 0 22 0 0 36 0 10 0 36 0 8 0 0 0 0 0 0 124 0 0 0 0 0 0 0 0 0 2 2 76 0 0 0 8 0 0 94 0 0 0 0 0 0 0 0 0
hsa-miR-6807-5p 0 4 0 0 0 0 38 0 0 0 0 0 0 0 0 0 0 0 0 0 0 0 0 0 0 0 0 0 0 2 0 0 0 0 0 0 0 0 0 0 0 0 0 0 0 0 0 2 40 0 0 0 0 0 0 0 0 0 0 0 0 0 0 0 0 18 0 0 0 0 0 0 0 0 0 0 0 0 0 0 0 0 0 0 0 0 0 0 0 0 0 6 86 0 59 0
hsa-miR-6813-3p 0 44 0 24 2 0 0 36 64 0 0 12 0 0 0 0 0 0 2 0 0 0 0 0 0 0 0 0 27 0 2 0 27 0 0 0 0 18 0 0 0 0 0 0 0 0 0 66 0 0 54 0 14 2 0 50 12 34 20 0 20 0 0 0 32 0 64 0 24 22 0 88 0 74 0 2 0 0 0 14 0 20 8 0 0 62 134 0 0 8 6 0 0 0 0 0
hsa-miR-6817-3p 0 10 0 0 0 0 0 0 0 0 0 0 0 0 0 0 0 0 0 0 0 0 0 0 0 0 0 0 0 0 0 0 0 0 0 0 0 0 0 0 0 0 0 0 0 0 0 0 0 0 0 12 0 0 0 0 0 0 0 0 4 0 0 0 0 16 0 0 0 0 0 0 0 0 0 0 0 0 0 0 0 0 0 0 54 0 0 0 0 0 0 0 54 0 0 0
hsa-miR-6818-5p 0 32 0 0 0 16 0 0 0 24 0 40 0 0 6 0 0 0 0 0 0 0 0 0 0 0 0 0 0 0 0 0 0 0 0 0 0 0 0 0 0 0 0 0 6 48 0 0 2 0 0 0 0 0 0 0 14 0 0 0 0 0 0 0 0 0 0 0 0 78 0 0 0 24 0 0 0 0 0 0 0 0 0 0 0 0 0 0 0 0 0 0 0 0 9 0
hsa-miR-6819-3p 0 4 0 0 0 0 0 0 0 0 0 32 0 0 0 0 0 0 0 0 0 0 0 0 0 0 0 0 0 0 0 0 0 0 0 0 0 6 0 0 0 0 0 0 48 0 0 0 0 0 0 10 0 0 0 0 0 0 0 0 0 0 0 0 0 0 0 0 0 0 0 0 0 0 0 0 0 0 0 0 0 0 0 0 0 0 0 14 0 0 0 76 0 0 0 0
hsa-miR-6820-3p 0 2 0 0 16 0 0 0 0 0 0 0 0 0 0 0 0 0 0 0 0 0 0 0 0 0 0 0 0 0 0 0 0 13 0 0 1 0 0 0 0 0 4 0 0 0 0 0 0 0 0 0 0 0 0 0 32 0 0 0 14 0 0 0 0 0 0 0 0 0 0 0 0 2 22 0 0 0 0 0 0 0 0 10 0 0 0 0 0 0 0 98 4 6 0 0
hsa-miR-6820-5p 0 22 0 0 0 0 0 0 0 0 0 0 0 0 6 0 0 0 2 0 0 0 0 0 0 0 0 0 0 0 0 0 15 0 0 1 0 0 5 0 0 0 0 0 0 0 0 0 0 0 0 0 0 0 0 0 0 0 26 0 66 0 0 0 0 0 0 0 36 0 0 0 0 0 0 0 0 0 0 0 0 0 0 0 0 0 0 0 0 0 64 0 68 0 38 28
hsa-miR-6832-3p 0 10 0 0 0 0 0 0 0 0 0 0 0 0 0 0 0 0 0 0 0 0 0 0 0 0 0 0 0 0 0 0 0 0 0 0 0 0 0 0 0 0 0 0 0 0 0 0 0 0 0 0 0 0 0 0 0 0 0 0 0 0 0 0 0 0 0 0 0 0 0 0 0 0 0 0 0 0 0 0 0 0 0 0 0 0 0 0 0 0 0 0 0 14 63 0
hsa-miR-6834-5p 0 38 0 0 0 0 0 0 0 0 0 0 0 0 0 0 0 0 0 0 0 0 0 36 0 0 0 0 0 0 0 0 0 0 4 0 0 0 0 0 33 0 0 0 0 0 0 0 0 0 0 6 0 0 0 20 0 0 8 0 0 0 0 0 0 4 0 0 0 0 0 0 0 0 0 0 0 0 0 0 0 0 0 0 0 10 0 0 0 0 0 0 0 0 0 0
hsa-miR-6842-5p 0 12 28 50 0 76 50 0 2 20 46 0 2 0 18 0 0 2 10 2 0 0 104 28 2 0 0 20 0 4 38 0 0 0 0 0 26 0 0 8 16 0 0 2 0 8 0 2 0 34 124 34 18 0 0 0 0 0 0 0 60 0 0 66 8 124 0 0 0 28 0 0 2 38 0 32 24 0 24 308 52 0 0 14 0 26 0 246 0 0 0 2 22 8 53 69
hsa-miR-6855-3p 0 48 0 0 0 0 0 78 0 0 20 32 2 0 0 6 0 0 6 16 0 78 48 0 0 0 0 1 0 0 0 0 0 5 0 0 0 7 0 0 0 0 0 0 0 0 0 0 20 2 0 58 0 0 0 0 0 0 0 0 0 0 0 0 0 0 0 0 0 0 0 4 0 28 0 0 0 0 40 0 0 0 0 0 0 0 0 0 0 0 26 32 150 0 0 0
hsa-miR-6859-3p 0 32 0 0 2 0 0 30 0 0 0 0 24 0 0 0 0 0 0 0 0 0 0 0 0 0 1 0 0 0 31 0 0 0 6 0 0 0 0 0 0 0 0 0 0 0 0 0 0 8 0 0 0 0 0 0 0 0 58 0 0 0 0 0 0 16 0 0 0 0 0 0 0 26 0 0 0 0 0 0 0 0 0 10 0 20 0 0 0 0 4 0 0 0 0 2
hsa-miR-6868-3p 0 28 0 0 0 0 0 0 0 0 56 0 0 0 0 0 0 0 0 0 0 0 60 0 0 0 0 1 0 0 1 0 0 0 0 10 0 0 0 0 0 0 0 0 0 0 0 0 0 0 0 74 0 0 0 0 0 0 0 0 0 0 0 0 0 0 0 0 0 0 0 0 0 0 0 0 0 0 0 0 0 0 0 0 0 0 0 0 0 0 0 0 0 0 0 0
hsa-miR-6882-5p 0 20 14 0 30 64 0 0 0 0 0 20 0 0 22 0 0 0 22 0 0 0 0 0 20 1 0 0 0 7 0 0 0 0 0 0 0 0 0 0 0 0 0 0 0 0 0 0 2 0 0 32 0 0 0 0 0 0 0 0 0 0 0 0 0 48 0 0 0 62 0 0 0 0 0 0 2 0 0 0 0 0 0 0 0 56 0 0 0 0 0 122 16 0 0 0
hsa-miR-6885-3p 0 52 0 0 10 2 0 0 0 30 0 0 0 0 30 0 0 12 0 0 0 0 0 0 0 0 0 0 9 3 0 0 0 0 0 3 0 0 0 0 55 0 0 0 0 0 0 0 0 0 0 0 0 0 0 0 0 0 56 10 12 0 0 0 0 0 0 0 0 0 0 0 0 0 0 0 0 0 0 0 0 24 0 0 0 0 0 0 0 0 0 0 0 0 0 0
hsa-miR-767-3p 0 302 0 0 0 2 38 0 0 60 0 0 38 2 30 0 0 0 0 0 2 0 0 72 10 15 0 0 0 6 1 0 0 0 0 8 126 0 0 7 30 0 0 0 0 0 0 2 0 4 0 970 0 0 0 24 0 0 0 0 30 0 0 0 106 10 0 0 0 0 0 0 0 0 0 0 0 90 0 2 24 0 0 0 0 0 68 484 0 2 482 92 804 170 20 134
hsa-miR-7974 0 48 38 0 0 0 0 0 0 0 0 0 0 0 0 0 0 0 24 0 0 0 0 0 0 12 0 0 0 0 0 0 0 0 30 18 0 0 0 0 0 0 0 0 0 0 0 0 0 0 0 0 24 0 0 58 0 0 2 0 0 0 0 0 0 32 0 0 50 0 0 0 0 54 0 0 0 0 34 0 0 0 0 2 0 0 0 40 0 0 476 560 516 50 43 18
hsa-miR-873-3p 0 598 0 0 0 0 0 0 0 0 38 12 0 0 20 0 0 0 16 0 0 0 0 0 0 0 0 1 1 3 4 0 0 0 0 0 0 0 0 0 6 0 0 0 0 0 2 0 0 0 0 30 0 0 0 0 0 0 0 0 0 0 0 0 0 0 0 0 0 0 0 0 0 0 0 0 0 0 2 0 0 0 8 0 0 0 0 0 0 0 0 0 0 0 0 0
hsa-miR-873-5p 0 7994 48 0 98 0 42 66 0 8 164 1538 6 0 40 0 16 30 1206 0 36 0 2 170 4 1 1 125 17 16 357 0 21 4 11 3 742 32 1 12 137 0 64 6 32 86 4 0 28 0 0 200 4 0 0 2 78 0 210 500 0 0 0 0 0 2 0 76 0 0 0 2 0 0 68 4 16 0 4 0 0 60 2 14 0 204 62 0 0 2 0 0 2 0 0 0
hsa-miR-874-5p 0 138 62 0 32 32 0 0 0 2 42 0 0 0 66 0 4 0 6 0 0 36 0 0 0 0 0 3 8 0 1 0 5 0 0 1 14 0 0 0 0 1 0 0 0 74 64 90 0 0 58 104 4 0 76 0 14 4 114 0 0 0 0 0 0 24 0 0 0 0 20 0 0 56 0 0 10 0 0 0 62 0 0 72 0 88 4 0 0 0 40 114 38 74 0 0
hsa-miR-876-3p 0 666 0 0 0 0 0 0 0 2 2 160 0 0 0 0 0 0 42 0 0 0 0 0 0 0 0 15 0 0 41 0 0 0 0 0 61 1 0 0 19 0 0 0 0 0 0 0 4 0 0 30 2 0 0 34 0 0 42 12 0 0 0 0 0 0 0 0 0 0 0 0 0 0 0 2 0 0 0 0 0 0 0 0 0 0 42 0 0 2 0 0 0 0 0 0
hsa-miR-892b 0 36 0 0 0 0 0 0 0 0 0 0 0 0 0 0 0 0 0 0 0 0 0 0 0 0 0 0 0 0 0 0 0 0 0 0 0 0 0 0 0 0 0 0 0 0 0 0 0 0 0 0 0 0 0 0 0 0 0 0 0 0 0 0 0 0 0 0 0 0 0 0 0 0 0 0 0 0 0 0 0 0 0 0 0 0 0 0 0 0 0 0 0 0 0 0
hsa-miR-942-3p 0 12 0 0 44 44 0 0 2 2 38 0 0 0 20 0 0 2 0 2 0 0 0 0 3 0 0 8 0 0 0 0 0 0 0 0 0 0 0 0 0 0 0 0 0 0 50 2 0 4 0 66 0 90 2 24 4 0 166 0 6 0 0 0 0 0 0 0 0 0 0 0 0 0 18 36 44 0 0 0 0 10 0 0 80 0 32 2 0 0 418 1040 976 188 168 53
hsa-miR-944 0 2 0 0 0 0 0 0 0 254 0 2 0 0 0 0 0 2 4 0 0 0 0 0 12 0 0 28 14 0 1 0 0 0 0 0 63 16 0 38 0 0 0 0 0 0 0 0 2 0 0 0 0 0 0 0 0 0 2 0 0 0 0 0 0 0 0 0 0 0 0 0 0 0 0 0 0 0 0 0 0 0 0 0 0 0 0 0 0 0 0 0 646 50 0 43
hsa-miR-95-3p 0 264 424 64 446 514 434 262 280 302 310 236 162 100 688 24 148 0 2346 38 0 102 98 596 156 58 54 54 184 15 753 0 21 99 63 0 237 80 205 62 2 97 40 8 66 456 126 458 546 1306 80 120 122 220 500 166 394 0 944 48 282 326 22 0 90 254 68 128 698 154 64 230 0 1430 758 110 206 0 26 228 186 90 16 64 180 1922 306 252 0 312 0 76 334 104 8 0
hsa-miR-99a-3p 0 28 0 0 48 0 0 0 0 2 0 0 14 0 92 2 0 0 0 0 0 0 0 0 20 22 0 0 6 0 0 0 13 12 1 0 0 0 0 0 0 18 8 4 8 0 0 0 26 42 0 146 0 0 0 0 0 0 0 0 118 30 0 0 18 58 0 0 22 0 0 0 0 78 0 0 0 0 2 0 44 0 0 0 0 34 26 0 0 20 0 54 0 0 0 0
hsa-miR-10b-3p 0 0 16 62 0 74 0 102 38 22 0 0 12 0 0 0 2 0 0 0 0 0 0 58 2 13 17 0 0 1 0 0 14 0 4 0 26 0 0 26 0 0 1 0 0 0 0 70 40 28 0 0 0 64 122 0 102 18 78 0 0 0 0 14 0 62 0 0 0 0 0 0 0 2 0 22 0 0 0 0 60 0 0 0 0 56 20 0 40 0 0 0 0 0 29 0
hsa-miR-1181 0 0 6 0 44 0 0 0 0 0 12 0 0 0 0 0 0 0 0 0 0 0 0 0 0 0 6 0 0 0 0 6 0 0 0 0 0 0 0 0 0 0 0 0 0 0 0 0 0 0 0 0 0 0 2 0 0 0 62 0 0 0 0 0 44 0 0 0 0 0 0 0 0 0 0 0 62 0 0 0 0 0 0 0 0 0 42 0 58 0 0 34 0 2 16 0
hsa-miR-124-3p 0 0 118 0 2 2 0 0 0 0 0 186 0 0 0 0 0 0 0 0 0 0 0 0 0 0 0 0 41 0 0 0 5 0 0 0 0 0 20 0 0 0 0 0 52 22 0 0 42 0 0 8 0 0 0 2 24 0 34 0 0 0 0 64 12 32 0 0 0 6 0 0 0 0 90 0 0 0 0 2 0 6 0 20 0 10 246 0 0 14 0 0 18 0 0 0
hsa-miR-124-5p 0 0 38 0 0 0 0 0 0 0 0 0 0 0 0 0 0 0 0 0 0 0 0 0 0 0 0 0 0 0 0 0 0 0 0 0 0 0 0 0 0 0 0 0 0 0 0 0 0 0 0 0 0 0 0 4 0 0 0 0 0 0 0 0 0 0 0 0 0 0 0 0 0 0 0 0 0 0 0 0 0 0 0 0 0 0 0 0 0 0 0 0 0 0 0 0
hsa-miR-125b-1-3p 0 0 14 22 0 2 0 166 0 0 24 0 26 0 0 0 0 0 0 0 0 0 0 0 0 10 0 3 0 0 0 0 0 34 0 0 0 0 0 0 1 0 0 2 0 0 0 0 0 0 96 22 0 0 18 0 32 0 0 0 0 0 34 48 0 8 0 0 0 0 4 0 0 0 0 38 0 2 0 0 0 74 0 0 0 86 50 78 98 0 0 42 0 38 0 0
hsa-miR-1278 0 0 2 0 0 2 0 0 0 28 0 22 0 0 0 0 0 0 0 0 0 0 44 0 0 0 0 0 0 0 0 0 1 0 0 0 9 56 0 0 0 0 0 0 0 66 0 0 0 0 0 2 0 0 0 0 0 0 64 0 26 0 0 0 22 22 0 0 0 38 0 0 0 2 8 0 0 0 0 0 0 0 0 0 0 0 80 34 0 0 236 230 250 44 34 16
hsa-miR-1292-3p 0 0 34 0 0 0 0 0 0 0 0 0 0 0 0 0 0 0 0 0 0 0 0 0 0 0 0 0 0 0 0 0 0 0 0 0 10 0 0 0 0 0 0 0 0 0 0 0 0 0 0 0 0 0 0 0 0 0 0 0 0 0 0 0 0 0 0 0 0 0 0 0 0 0 0 28 0 0 0 0 0 0 0 0 0 0 0 0 0 0 0 0 0 0 2 0
hsa-miR-133a-3p 0 0 126 162 0 4 60 0 2 0 0 244 148 18 520 0 192 2 18 2 0 0 1104 34 120 0 0 0 142 1 75 0 30 0 13 0 45 29 1 14 0 48 0 2 136 144 0 2 0 0 112 30 48 0 2 88 10 30 18 14 1212 18 66 0 4 2 0 138 208 114 70 236 2 1378 92 0 0 0 0 4 2 60 80 0 2 44 6 4 0 32 2 0 2 0 0 0
hsa-miR-1343-5p 0 0 2 0 0 0 0 0 0 0 0 0 0 0 0 0 0 0 0 0 0 0 0 0 0 0 0 0 0 0 0 0 1 0 0 0 0 0 0 0 0 0 0 0 0 0 0 0 0 0 0 0 0 0 0 0 0 0 0 0 0 0 0 0 0 0 0 0 0 0 0 0 0 0 0 0 0 0 0 0 0 0 0 0 0 0 0 0 0 0 36 24 0 0 0 0
hsa-miR-146b-3p 0 0 14 160 96 136 170 2 0 64 4 192 22 48 76 0 104 16 44 0 0 0 114 14 20 13 4 36 20 3 37 0 20 0 20 0 0 33 36 18 0 12 39 26 26 168 34 70 2 26 40 30 46 122 134 38 220 0 392 0 98 2 54 0 0 22 0 104 192 52 0 2 0 106 64 32 42 68 2 72 12 34 58 14 188 38 206 2 0 18 0 84 62 2 10 0
hsa-miR-149-5p 0 0 148 0 0 0 0 0 22 0 0 54 0 0 74 0 0 0 0 0 0 0 34 104 0 0 0 3 0 0 0 0 0 0 2 0 1 0 32 9 0 0 0 0 0 0 28 0 0 60 0 76 0 0 34 0 8 0 0 0 316 0 0 0 0 0 0 0 0 28 0 0 2 30 0 8 2 0 4 0 50 0 0 26 50 64 44 0 0 0 112 0 186 0 16 3
hsa-miR-1587 0 0 2 0 0 0 0 0 0 0 8 0 0 0 0 0 0 0 0 0 0 0 0 0 0 0 0 0 0 0 0 0 0 0 1 0 0 0 0 0 0 0 0 0 0 0 0 0 12 0 0 0 0 0 0 0 0 0 0 0 0 0 0 0 0 0 0 0 0 0 0 0 0 0 0 0 0 0 0 0 2 0 0 0 0 0 0 0 0 2 0 0 0 0 0 0
hsa-miR-182-3p 0 0 2 0 34 84 0 0 0 0 0 0 0 0 38 0 0 2 54 0 0 0 74 0 13 0 13 3 0 0 11 0 6 0 0 13 0 9 0 0 0 0 0 0 16 0 0 2 0 0 0 40 2 0 30 0 0 0 114 76 20 14 2 0 36 36 0 0 0 0 0 0 0 78 0 0 0 0 40 0 16 0 0 8 0 46 2 0 0 0 166 2 978 264 262 146
hsa-miR-184 0 0 460 0 2 0 0 52 0 288 2 2 0 0 4 0 2 0 18 2 0 2 62 2 127 0 2 0 44 23 31 0 2 0 11 1071 52 1 0 0 0 13 1 12 0 4 2 0 36 2 0 8358 244 0 0 468 4 0 4 0 0 0 0 0 0 62 0 792 0 78 0 0 24 0 12 4 4 456 2 0 0 0 2 2 2 8 1134 0 0 6 28 0 0 0 0 9
hsa-miR-1908-5p 0 0 46 2 0 0 0 0 0 0 0 530 0 0 2 56 22 0 0 0 0 2 92 44 0 7 10 7 12 7 28 0 0 0 51 12 0 0 0 0 0 0 29 0 6 56 30 2 0 252 0 30 18 2 0 0 22 0 42 0 150 22 44 0 0 84 0 0 134 0 0 0 0 30 2 30 24 0 10 0 0 34 0 0 0 0 0 110 0 0 4 62 0 12 0 54
hsa-miR-190a-3p 0 0 8 0 0 0 0 0 0 0 0 0 0 0 0 0 0 0 0 0 0 0 0 0 0 0 0 0 0 0 0 0 0 0 0 0 0 0 0 0 0 0 0 0 0 0 0 0 0 0 0 0 0 0 0 0 0 0 0 0 0 0 0 0 0 0 0 0 0 0 0 0 0 0 0 0 0 0 0 0 0 0 0 0 0 0 0 0 0 0 0 0 0 0 0 0
hsa-miR-190a-5p 0 0 44 26 0 220 0 34 0 48 0 46 0 0 2 8 32 2 0 0 0 40 18 0 57 0 0 16 71 11 17 0 21 0 8 3 33 9 7 56 1 56 0 10 0 52 4 0 182 64 0 42 48 0 78 134 8 0 70 0 0 0 96 0 0 2 0 0 0 94 0 0 2 2 198 28 0 0 0 100 0 18 0 2 242 0 30 0 0 0 0 0 12 0 0 0
hsa-miR-1976 0 0 158 0 232 0 0 58 24 52 0 190 0 0 22 2 0 54 0 0 10 24 190 22 63 10 7 4 14 0 126 1 7 0 34 46 12 20 53 10 27 1 12 10 0 0 26 0 2 18 46 164 50 0 46 30 32 20 252 2 180 0 0 0 0 84 92 0 110 0 26 2 0 8 66 12 76 0 4 0 0 26 0 82 0 0 0 42 66 16 62 154 108 88 59 0
hsa-miR-211-5p 0 0 34 0 0 0 0 0 0 0 0 62 0 0 0 0 0 0 0 0 0 0 0 0 16 0 0 0 0 8 0 0 0 0 0 0 0 0 0 0 0 0 0 0 0 0 0 0 2 0 0 0 0 0 0 0 0 0 92 0 0 0 0 0 0 0 0 0 0 0 0 0 0 0 0 2 0 0 0 8 0 2 0 44 0 0 0 0 2 0 0 0 0 0 0 0
hsa-miR-216a-5p 0 0 6 0 0 0 0 22 0 0 0 0 0 0 0 0 0 0 0 0 0 0 0 0 0 0 0 0 0 0 20 0 0 0 0 0 0 0 0 0 0 0 0 0 0 36 0 0 0 6 0 2 0 0 72 0 0 0 4 0 0 0 0 0 0 0 0 0 0 0 0 0 0 0 0 0 0 0 0 0 0 0 0 0 0 0 0 4 0 0 0 0 0 0 0 0
hsa-miR-219a-5p 0 0 12 0 0 74 0 0 0 0 0 0 0 0 16 0 0 0 0 0 0 0 0 0 0 0 0 0 0 0 0 0 0 0 0 0 0 0 0 0 0 0 0 0 0 0 0 0 0 20 0 0 0 0 0 0 0 0 34 0 0 52 92 0 12 0 0 0 0 0 0 0 0 0 0 0 0 0 28 0 0 0 0 0 0 0 0 0 0 0 2 0 0 0 0 0
hsa-miR-224-3p 0 0 32 54 58 8 2 0 102 86 0 32 0 0 48 0 0 0 0 0 118 0 46 2 0 4 0 0 0 0 45 0 0 0 27 5 0 82 0 0 0 19 52 0 0 0 0 80 0 0 0 20 72 74 124 0 232 0 174 0 0 0 112 0 2 32 0 0 0 0 0 0 0 0 46 0 28 0 0 0 40 40 6 0 0 60 2 44 0 0 0 0 0 0 0 0
hsa-miR-2277-5p 0 0 8 0 12 2 20 0 0 72 0 0 0 0 40 0 24 0 18 0 0 0 4 0 0 0 3 12 0 0 0 1 0 0 0 0 5 0 0 11 0 0 0 0 0 88 0 0 0 6 0 0 0 0 0 0 116 0 0 0 28 0 0 0 0 0 0 0 0 0 0 2 0 0 74 0 0 0 0 0 12 0 0 16 0 0 0 0 0 34 0 140 72 0 20 0
hsa-miR-301b-5p 0 0 2 0 0 0 0 0 0 0 0 0 0 0 0 0 0 0 0 0 0 0 0 0 0 0 0 0 0 0 0 0 0 0 0 0 0 10 0 0 0 0 0 0 0 0 0 0 0 0 0 0 0 0 0 0 0 0 0 0 0 0 0 0 0 0 0 0 0 0 0 0 0 8 0 0 0 0 0 0 0 0 0 0 0 0 0 0 0 0 250 480 318 68 0 39
hsa-miR-30c-2-3p 0 0 46 0 0 50 0 0 160 0 0 290 0 0 14 0 2 0 0 0 0 2 84 0 1 6 6 24 4 0 0 0 0 0 42 0 0 37 16 0 4 35 0 0 48 0 2 84 24 10 0 146 12 0 62 0 32 0 120 0 0 0 0 0 0 0 0 0 0 14 0 0 0 0 0 0 0 38 4 68 40 0 10 0 72 20 0 0 0 0 0 0 0 0 0 0
hsa-miR-31-5p 0 0 106 2 0 0 44 0 48 36 0 60 4 0 6 0 80 0 256 0 0 2 0 46 15 6 0 78 45 1 0 0 0 8 1 0 20 20 0 18 0 1 0 14 62 188 8 132 0 0 0 626 2 0 2 24 84 0 478 0 18 0 0 0 0 28 0 2 70 22 0 0 0 20 60 60 0 0 70 0 0 36 0 4 0 40 62 0 0 88 66 188 50 12 153 84
hsa-miR-3120-5p 0 0 28 0 0 0 0 0 0 0 0 0 0 0 0 0 0 0 0 0 0 0 98 0 0 0 0 0 0 0 0 0 0 0 0 0 0 0 0 0 0 0 0 0 0 0 0 0 0 0 0 0 0 0 0 0 0 0 0 0 0 0 0 0 0 0 0 0 0 0 0 0 0 0 0 0 0 0 14 0 0 0 0 0 0 0 0 0 0 0 0 0 0 0 0 0
hsa-miR-3133 0 0 2 0 46 0 0 0 0 0 0 0 14 0 44 0 0 0 12 0 0 0 0 0 0 22 0 6 0 0 0 0 0 0 0 8 0 9 0 0 0 0 0 0 10 0 0 74 20 8 0 0 8 0 0 0 0 0 42 0 36 0 0 0 32 2 0 0 0 0 0 0 0 172 62 8 0 2 12 0 0 0 0 50 0 28 18 56 0 0 34 126 4 0 0 0
hsa-miR-3143 0 0 4 2 86 2 0 0 2 0 0 16 0 0 6 0 0 0 0 2 44 0 2 2 0 0 0 0 0 0 9 0 0 0 24 0 0 0 0 0 4 80 1 4 20 96 0 2 0 0 0 18 0 0 2 32 0 0 4 0 4 2 38 4 0 46 0 0 42 0 0 0 0 2 92 0 0 0 0 0 0 60 0 0 32 60 48 0 0 0 340 740 1770 142 449 247
hsa-miR-3179 0 0 28 0 0 2 0 0 0 16 0 0 2 0 10 0 0 0 2 38 0 0 0 0 8 0 0 0 0 0 36 0 0 0 0 0 16 17 32 13 26 0 0 0 0 0 0 76 0 0 0 0 0 0 0 0 0 2 6 0 0 0 0 0 0 0 0 0 0 0 0 0 0 0 0 14 0 0 0 0 0 0 0 0 0 0 28 66 0 0 168 348 64 22 0 47
hsa-miR-3187-3p 0 0 2 0 0 0 32 0 0 0 0 0 0 0 0 0 88 0 8 0 42 0 0 0 0 0 0 0 0 0 0 0 0 0 5 0 0 0 0 0 0 0 0 0 0 0 4 0 0 0 0 10 0 0 0 42 0 0 0 0 12 0 0 0 0 24 0 2 0 0 0 0 0 0 0 0 0 0 0 0 0 14 0 60 0 0 0 0 0 0 24 204 594 194 95 74
hsa-miR-3190-5p 0 0 16 0 40 0 0 0 0 0 0 78 0 0 22 0 0 0 0 2 0 0 0 0 0 0 0 0 0 0 0 0 0 0 0 0 0 0 0 0 0 0 0 0 0 8 0 0 0 0 0 0 0 0 0 0 0 0 0 0 0 0 0 0 0 2 0 0 0 0 0 0 0 26 0 0 0 0 0 0 0 0 0 0 0 0 0 0 0 0 0 68 0 10 0 0
hsa-miR-3202 0 0 66 82 38 0 0 0 0 26 0 82 0 0 0 0 0 38 18 0 0 10 0 0 0 14 0 5 0 1 7 32 0 0 0 3 0 0 15 1 123 0 8 0 18 0 0 0 0 14 2 54 0 0 40 46 24 0 34 0 150 0 0 0 0 68 0 0 0 2 0 0 18 0 50 4 12 0 0 0 0 0 0 46 0 42 2 70 0 0 0 70 42 18 27 57
hsa-miR-338-3p 0 0 2 0 0 22 0 62 0 0 0 174 26 0 0 0 64 2 4 0 0 0 48 12 13 0 1 1 0 0 17 1 0 6 56 0 14 49 0 0 32 8 1 14 0 4 0 112 0 66 2 40 18 2 0 16 62 0 146 0 38 0 102 0 18 92 54 0 10 0 44 0 0 2 54 20 0 0 38 2 0 32 28 26 50 0 24 0 0 0 22 0 0 0 0 0
hsa-miR-33b-3p 0 0 4 0 86 64 2 0 2 0 0 54 0 0 22 0 0 2 38 6 34 0 0 0 0 0 6 5 0 0 0 2 7 0 0 0 0 0 0 25 0 28 24 6 0 24 0 0 0 42 40 4 8 2 6 8 0 0 158 0 308 0 0 2 0 4 4 2 0 0 0 0 0 344 44 0 30 0 0 4 54 16 0 2 36 0 6 2 0 60 2406 3334 2442 580 509 414
hsa-miR-3661 0 0 30 0 24 0 0 0 0 0 0 0 0 0 20 0 0 82 0 0 0 0 0 0 0 0 0 0 0 6 0 0 0 0 0 0 0 10 0 0 1 0 28 0 0 0 0 0 0 68 0 20 66 0 0 0 22 0 2 0 18 42 0 0 0 68 0 48 0 0 0 0 0 0 20 0 0 0 0 0 0 0 0 52 0 0 0 0 0 0 54 0 96 0 0 0
hsa-miR-3667-5p 0 0 2 0 2 0 62 0 0 0 0 0 12 2 76 0 0 38 0 0 0 0 0 0 0 0 0 1 12 3 6 0 0 0 0 0 0 19 10 0 0 0 0 0 60 0 0 22 20 10 0 78 0 0 0 0 2 0 0 0 16 0 0 0 0 30 0 0 0 0 0 0 0 40 66 16 12 0 0 0 0 16 0 8 54 0 10 32 0 0 206 322 500 56 25 0
hsa-miR-3913-3p 0 0 68 0 0 0 0 0 0 0 0 0 0 2 0 0 0 0 0 0 0 0 0 0 0 7 0 0 0 0 0 0 0 0 5 0 0 25 0 0 0 23 0 0 0 0 0 0 0 0 0 4 0 0 0 0 0 0 12 0 0 0 0 0 0 2 0 0 0 0 0 0 0 0 0 0 0 0 0 0 0 0 0 0 0 0 0 0 0 0 2 0 58 40 0 0
hsa-miR-3917 0 0 34 0 30 0 0 0 0 2 0 20 0 0 0 0 0 0 0 0 0 0 0 0 0 0 0 0 0 0 0 0 0 4 0 0 0 0 0 0 64 0 0 0 0 0 30 0 8 12 0 16 0 0 0 0 0 0 168 16 0 0 0 0 32 0 0 0 0 0 0 0 0 0 20 0 0 0 0 0 0 0 0 40 2 0 46 0 0 0 14 106 102 10 24 0
hsa-miR-4454 0 0 112 0 20 0 468 0 152 0 1102 0 208 0 0 0 0 0 0 0 2 0 0 0 0 0 0 0 62 0 0 0 0 0 0 0 42 0 0 0 0 0 0 8 0 0 0 0 2 0 0 0 0 0 0 0 0 0 0 0 0 0 94 0 0 102 0 0 152 0 0 0 0 4 26 0 0 0 0 0 48 0 0 58 0 0 0 0 0 0 94 60 30 0 0 1179
hsa-miR-4467 0 0 2 0 0 0 0 0 0 0 0 0 0 0 0 0 0 0 0 2 0 0 0 0 0 0 0 0 0 0 0 1 1 0 0 9 0 0 22 0 9 0 1 0 0 0 0 0 0 0 0 0 0 0 0 0 0 0 346 0 0 0 0 0 0 12 0 0 0 0 0 0 0 0 0 0 0 0 42 0 0 0 0 0 2 0 0 0 0 0 0 166 124 0 0 0
hsa-miR-4487 0 0 42 0 48 0 0 44 0 0 0 0 0 0 32 0 0 50 0 0 0 0 26 0 0 0 0 0 0 0 0 0 0 0 0 1 0 0 0 0 0 0 0 0 0 0 0 0 0 10 0 0 0 0 0 16 0 0 236 0 18 0 0 0 0 0 0 0 0 0 0 0 0 18 2 0 10 0 0 0 0 0 0 0 0 0 0 44 0 0 32 52 8 16 4 72
hsa-miR-450b-3p 0 0 24 0 0 0 0 0 0 0 0 0 0 0 0 0 0 0 0 0 0 0 0 0 0 0 0 0 0 0 0 0 0 0 0 0 0 0 0 0 0 0 0 0 0 0 0 0 0 0 0 0 0 0 0 0 0 0 0 0 0 0 0 0 0 0 0 0 0 0 0 0 0 0 0 0 0 0 0 0 0 0 0 0 0 0 0 0 0 0 0 0 0 0 0 0
hsa-miR-4632-3p 0 0 32 0 0 0 0 44 0 0 0 0 0 0 0 0 0 0 0 0 0 0 0 0 0 0 0 0 0 0 0 0 0 0 0 0 0 0 0 0 0 0 0 0 0 0 0 0 0 0 0 0 0 0 0 0 0 0 2 0 0 0 0 0 0 0 0 0 16 0 0 0 0 0 0 0 2 22 0 0 2 0 0 0 0 0 0 0 0 0 0 54 0 0 0 0
hsa-miR-4638-3p 0 0 42 0 0 0 0 0 0 0 0 0 0 0 38 0 0 0 0 0 0 16 0 0 6 0 11 0 13 0 6 0 21 0 0 0 0 10 0 0 0 0 0 0 0 30 0 0 56 0 0 0 0 0 0 0 0 0 0 0 38 0 0 0 0 0 0 0 0 0 0 0 0 44 0 0 0 0 2 0 0 0 0 0 0 0 0 0 2 30 0 78 20 0 0 0
hsa-miR-4707-3p 0 0 30 0 0 0 0 0 0 0 0 0 0 0 16 0 34 0 0 0 0 0 0 0 0 0 0 0 0 0 0 0 0 0 0 0 7 0 0 0 0 0 0 0 0 38 0 0 0 0 0 0 0 0 0 0 0 0 0 0 0 0 0 0 32 0 0 0 0 0 0 32 0 0 0 0 0 0 0 0 22 0 0 0 0 0 0 0 0 0 0 0 24 78 70 64
hsa-miR-483-3p 0 0 16 0 0 0 50 0 174 0 0 6 22 4 0 2 48 0 0 0 0 0 0 0 5 0 0 2 10 0 1 0 0 0 23 10 0 0 22 0 0 0 0 4 0 0 0 52 0 0 0 0 0 152 20 0 46 0 0 0 0 0 102 4 0 2 0 0 24 0 0 72 0 2 0 0 0 40 0 2 0 0 0 0 0 0 0 0 78 0 0 0 0 0 0 0
hsa-miR-483-5p 0 0 32 0 2 0 0 0 0 24 0 0 0 0 0 0 0 0 0 0 0 0 0 0 0 0 0 0 0 0 0 0 0 0 12 0 11 0 0 0 0 0 0 0 0 0 12 48 0 0 0 0 22 0 0 0 0 0 0 0 0 0 0 42 0 0 0 0 0 58 0 0 0 0 0 0 22 0 2 0 0 0 0 0 0 0 0 0 0 0 0 0 0 0 0 0
hsa-miR-491-3p 0 0 44 0 28 0 0 0 0 0 0 0 0 0 8 0 0 0 12 0 0 0 0 0 0 0 16 3 6 0 27 0 0 0 0 1 0 1 0 10 1 0 0 0 0 0 2 22 0 0 0 0 0 0 2 0 0 0 94 0 0 0 0 0 0 44 0 0 0 0 0 0 0 0 0 0 0 0 0 0 0 8 0 14 60 42 26 2 0 0 6 0 222 24 108 88
hsa-miR-5088-5p 0 0 6 0 0 0 0 0 84 0 0 0 0 0 0 0 0 0 0 0 0 0 0 0 0 38 0 0 0 0 0 0 0 0 0 0 0 0 0 0 0 0 0 0 0 0 0 0 0 0 0 0 0 0 0 0 0 0 0 0 0 0 0 0 0 0 0 0 0 0 0 0 0 0 0 0 0 0 0 0 0 0 0 0 0 0 0 0 0 0 0 14 0 70 0 36
hsa-miR-5582-3p 0 0 2 0 102 0 0 0 0 0 0 34 54 0 0 2 0 0 0 0 0 0 0 0 0 0 0 0 10 0 0 0 0 0 0 0 0 0 0 0 0 0 0 0 0 4 0 0 0 0 0 8 0 0 0 0 2 0 0 0 0 0 0 0 0 0 0 0 0 0 0 0 0 0 0 0 0 0 0 0 0 0 0 0 0 0 0 0 0 0 76 142 96 24 152 14
hsa-miR-573 0 0 2 0 20 0 0 0 0 0 0 0 0 0 0 0 0 40 0 0 0 0 0 0 0 0 0 0 0 0 0 0 0 0 0 0 0 0 0 0 0 0 0 0 0 0 0 0 0 0 0 0 0 0 0 0 0 0 0 0 0 0 0 0 0 0 0 0 0 0 0 0 0 0 0 0 0 0 0 0 0 0 0 0 0 0 0 0 0 0 44 0 256 42 0 0
hsa-miR-612 0 0 12 0 0 0 0 0 0 0 0 0 0 0 36 0 0 0 0 0 0 0 0 0 0 0 0 0 0 0 0 0 0 0 0 0 0 0 0 0 0 0 0 0 0 0 0 0 0 0 0 0 0 0 0 0 0 0 0 0 0 0 0 0 0 0 0 0 70 0 0 0 0 0 0 0 0 0 0 0 0 0 0 4 0 0 0 0 0 0 0 0 2 0 0 0
hsa-miR-639 0 0 40 0 0 0 0 0 0 0 0 0 116 16 0 0 0 0 12 0 0 0 0 0 0 0 0 0 0 0 0 3 10 0 0 0 0 0 0 0 0 0 0 8 0 0 0 2 42 0 0 0 0 0 0 78 0 0 76 0 0 10 0 0 74 0 72 0 0 0 0 0 0 0 0 0 0 0 0 0 52 0 0 0 0 0 164 0 0 28 36 0 0 0 0 0
hsa-miR-6513-5p 0 0 20 0 30 0 0 0 0 0 0 86 0 0 0 0 14 0 20 0 0 0 120 64 0 0 11 0 0 0 0 0 0 0 1 0 7 0 0 0 0 0 0 0 0 42 0 0 0 0 0 0 12 0 0 16 10 0 0 0 0 0 0 0 0 2 0 0 0 0 0 0 2 0 0 0 0 0 0 0 0 0 0 0 0 0 0 0 0 0 0 0 0 0 0 0
hsa-miR-6731-3p 0 0 26 0 0 0 0 28 0 0 0 0 0 0 0 0 0 0 0 0 0 0 0 0 0 0 0 0 0 0 0 0 0 0 0 0 0 0 0 0 0 0 0 0 0 0 0 0 10 0 0 0 0 0 0 0 16 0 0 0 16 0 0 0 0 0 0 0 0 0 0 0 0 0 0 0 12 0 18 0 42 0 0 0 0 0 0 0 0 0 50 0 0 0 0 0
hsa-miR-6748-3p 0 0 2 0 0 0 0 0 0 24 0 0 0 0 0 0 0 0 2 0 0 0 0 0 0 0 0 3 0 0 0 0 0 0 0 0 0 0 0 0 0 84 0 0 0 10 30 0 0 0 0 82 2 0 0 0 0 0 100 0 12 0 0 0 0 0 0 0 32 0 0 0 0 6 0 0 0 0 0 2 0 0 0 0 0 0 0 0 0 0 0 0 0 0 0 0
hsa-miR-6780b-3p 0 0 14 0 0 0 0 0 0 0 0 0 0 0 0 0 0 0 0 0 0 0 0 0 0 0 0 0 0 0 8 0 0 0 6 0 0 0 0 0 0 18 0 0 0 0 0 0 0 0 0 0 30 0 0 0 0 0 0 0 0 0 0 0 0 0 0 80 0 0 0 0 0 0 24 6 0 0 0 0 0 0 0 0 0 0 0 0 0 0 0 0 0 0 0 0
hsa-miR-6804-3p 0 0 34 0 0 0 0 0 0 0 0 28 0 0 0 0 0 0 0 0 0 0 0 0 0 0 3 0 0 0 0 0 0 0 0 0 0 0 9 0 0 0 0 0 0 0 0 0 0 0 0 34 0 0 0 0 0 2 0 0 0 0 0 0 0 0 0 4 0 0 0 0 0 0 0 0 0 0 0 0 0 0 0 0 0 0 0 0 0 0 24 0 0 0 0 0
hsa-miR-6818-3p 0 0 10 0 0 20 0 26 0 12 0 0 0 0 12 0 72 0 20 38 0 0 0 0 1 0 0 12 16 0 0 0 0 0 0 0 0 2 0 0 0 0 0 4 0 40 0 0 0 0 0 48 0 0 0 0 2 0 74 0 50 62 0 0 0 0 0 0 0 0 0 0 0 0 20 26 30 0 0 0 0 0 0 0 0 0 66 0 0 0 10 0 0 0 0 0
hsa-miR-6851-3p 0 0 42 0 0 0 0 0 0 0 0 100 0 0 0 0 0 134 6 0 0 22 0 0 43 0 0 0 18 2 0 0 0 0 0 0 0 0 0 0 0 0 21 0 0 16 8 0 54 20 0 10 0 84 0 16 0 0 0 0 0 0 0 0 0 14 0 0 0 0 0 0 0 0 0 0 0 0 0 0 0 0 0 0 0 0 4 0 72 0 44 54 0 0 0 0
hsa-miR-6856-5p 0 0 2 0 0 0 0 0 0 0 0 0 0 0 0 0 0 0 0 0 0 0 0 0 0 0 0 0 0 0 0 0 0 0 0 0 0 0 0 0 0 0 0 0 0 0 0 0 0 0 0 0 0 0 0 0 0 0 0 0 0 0 0 0 0 0 0 0 0 0 0 0 0 0 0 0 0 0 0 0 0 0 0 0 0 0 0 0 0 0 0 0 0 18 0 0
hsa-miR-6857-3p 0 0 70 0 0 0 0 0 0 0 0 0 0 0 0 0 0 0 0 0 0 0 0 0 0 0 0 0 0 0 25 0 0 0 0 0 0 0 0 0 0 0 2 0 0 0 0 0 0 0 0 0 0 0 0 0 0 0 0 0 4 0 0 120 0 0 0 0 0 0 0 0 0 0 0 0 0 0 2 0 0 0 0 0 0 0 0 86 0 0 0 0 0 4 57 0
hsa-miR-7976 0 0 22 52 0 0 0 0 0 18 0 92 10 0 68 0 0 0 0 0 0 0 4 0 0 0 0 0 28 11 24 12 3 6 0 0 1 8 0 0 0 1 0 0 0 0 10 0 0 18 0 60 0 0 0 32 0 36 112 0 0 0 0 0 2 24 2 0 0 46 0 18 0 60 116 18 14 0 0 0 0 0 0 0 0 0 2 0 0 0 324 412 762 164 39 41
hsa-miR-1270 0 0 0 30 2 36 82 0 38 74 0 6 0 0 0 10 0 0 18 0 0 0 0 0 0 0 2 6 0 0 0 0 0 0 0 4 27 0 0 0 0 0 0 0 30 0 0 24 0 0 52 20 0 0 0 0 0 0 0 0 24 0 0 0 0 0 0 0 22 0 0 0 0 36 0 0 0 0 0 0 0 0 0 0 0 0 0 0 0 0 0 0 0 0 0 0
hsa-miR-1276 0 0 0 2 18 2 0 0 0 2 0 0 22 0 2 2 0 0 0 0 0 2 0 0 0 0 0 0 33 0 0 0 0 0 0 0 0 0 0 0 0 0 0 0 0 50 0 0 0 4 2 16 0 0 0 0 0 0 0 0 18 0 0 0 0 0 0 0 0 0 0 0 0 0 0 0 0 0 0 0 2 0 0 0 0 0 2 0 0 0 164 374 1254 228 309 240
hsa-miR-1284 0 0 0 80 36 0 0 0 0 0 0 20 0 0 0 0 12 0 0 0 64 0 42 0 0 0 0 20 0 0 0 0 0 0 0 9 0 14 0 9 0 18 0 10 0 0 0 0 0 0 0 0 0 0 0 0 4 0 0 0 0 0 0 0 0 20 0 2 50 0 0 0 0 0 56 24 0 0 0 0 0 0 22 6 0 0 0 44 0 0 2 58 20 0 4 0
hsa-miR-1306-3p 0 0 0 46 70 92 8 0 0 32 0 34 34 32 18 0 20 22 32 0 0 14 0 0 0 0 9 21 0 6 2 0 0 0 5 0 0 0 36 1 15 89 0 14 0 0 2 0 54 106 76 46 8 34 0 0 0 0 224 0 40 0 0 2 0 0 0 0 0 0 68 24 0 0 24 0 0 0 42 0 40 0 0 22 96 18 12 0 0 24 34 0 172 90 41 117
hsa-miR-205-5p 0 0 0 74 0 0 0 0 0 0 0 0 0 0 50 0 0 0 0 2 0 4 0 0 0 0 0 0 1 0 0 0 0 0 0 0 0 0 0 0 0 0 0 2 0 0 0 0 0 10 0 2 0 0 0 0 0 0 0 0 0 0 0 0 0 0 0 0 2 36 0 0 0 202 0 0 0 0 0 0 0 48 0 0 0 0 0 0 0 0 0 0 0 0 2 0
hsa-miR-20b-3p 0 0 0 30 0 0 0 0 0 2 0 0 0 0 0 0 0 0 0 0 0 0 0 0 0 0 0 0 0 0 0 0 0 0 0 0 0 0 0 0 0 0 0 0 0 0 0 0 0 56 0 0 0 0 0 0 0 0 76 0 0 0 0 0 0 0 0 0 0 0 0 0 0 0 80 0 0 0 0 0 0 0 0 0 2 0 0 30 0 24 0 0 0 0 0 0
hsa-miR-23b-5p 0 0 0 50 72 0 0 2 0 14 80 82 34 0 34 0 0 48 8 0 0 0 0 86 28 0 21 0 0 10 68 0 0 0 4 11 9 0 12 1 65 0 20 2 0 66 76 56 66 36 0 66 2 2 66 0 28 0 348 52 18 0 48 0 0 34 0 0 36 66 0 52 0 22 36 2 2 2 30 2 0 48 0 0 30 0 124 60 0 8 322 668 312 156 8 120
hsa-miR-3130-5p 0 0 0 52 28 0 0 0 0 0 0 22 0 0 42 0 0 0 0 0 0 0 0 0 0 0 0 0 0 0 0 0 0 0 0 0 0 0 0 0 0 0 0 0 0 0 0 16 36 0 2 0 0 0 0 0 0 0 30 0 0 0 0 0 0 0 0 0 0 0 0 40 0 0 0 0 24 0 0 0 0 0 0 0 0 0 0 0 0 0 18 0 88 0 0 0
hsa-miR-379-3p 0 0 0 20 0 0 0 38 0 0 80 134 0 0 8 0 26 0 0 0 0 0 164 0 2 0 5 3 0 0 4 53 10 0 0 0 14 159 0 8 0 20 0 20 0 38 8 30 0 2 30 40 2 0 10 74 48 26 0 0 0 0 0 0 0 34 0 0 0 0 0 40 0 0 102 2 2 0 0 0 0 130 10 0 0 46 0 0 0 0 0 0 0 0 0 0
hsa-miR-429 0 0 0 2 0 0 26 32 0 34 0 68 12 0 0 0 4 0 20 0 54 0 62 0 1 0 12 2 44 0 18 0 0 0 8 0 16 30 25 0 0 30 0 0 2 36 0 0 4 8 18 2 0 0 0 40 0 24 0 0 16 0 0 0 24 0 0 0 1852 0 0 26 12 0 0 18 0 0 20 0 28 62 4 0 0 0 0 0 0 0 0 0 0 8 0 0
hsa-miR-4433a-5p 0 0 0 60 0 16 80 0 0 0 26 42 0 0 36 0 0 0 88 54 46 2 0 0 44 0 0 1 0 0 0 0 0 11 0 0 0 0 12 0 17 0 14 8 0 0 12 0 782 2 0 2 40 0 0 30 0 0 160 0 50 136 0 16 0 0 0 0 0 62 0 48 0 24 20 0 0 0 0 60 4 8 0 0 0 26 28 40 84 162 0 0 0 0 2 0
hsa-miR-4516 0 0 0 50 0 0 0 0 0 0 0 30 4 20 2 0 0 0 0 0 0 0 0 0 0 0 0 0 8 8 0 7 0 1 0 0 0 0 0 0 124 0 18 28 0 50 0 0 0 0 0 0 0 0 0 0 0 0 56 0 0 0 0 0 36 0 0 0 0 0 0 0 2 0 0 0 0 0 0 2 0 0 0 14 64 0 0 0 0 0 0 56 2 60 0 0
hsa-miR-4518 0 0 0 76 0 0 2 38 0 0 0 0 0 0 32 0 0 0 0 92 0 0 0 0 0 0 0 0 0 0 0 0 0 0 0 0 0 0 17 1 0 0 0 0 0 0 0 0 0 0 0 26 8 2 2 0 0 0 68 0 30 6 0 0 0 70 0 0 0 62 0 26 0 0 0 26 0 0 66 2 0 0 4 0 0 0 18 0 0 0 118 174 402 72 41 46
hsa-miR-4683 0 0 0 24 0 0 0 0 0 0 0 2 0 0 0 0 0 0 2 0 0 0 0 0 0 30 0 0 0 0 0 0 20 0 0 0 0 0 0 0 0 0 0 0 0 26 0 0 0 0 0 0 14 0 82 0 0 0 0 0 0 0 0 0 0 0 0 0 0 0 0 0 0 12 0 0 0 4 0 0 0 0 0 0 0 0 0 0 0 0 0 0 0 0 0 0
hsa-miR-4775 0 0 0 32 0 0 0 0 0 0 0 16 0 0 0 0 0 0 0 2 38 0 0 0 0 22 0 0 0 0 0 0 0 0 0 0 0 0 0 0 0 0 0 0 0 0 0 0 0 4 0 8 0 0 0 0 0 0 96 0 18 0 0 2 0 2 0 0 0 0 0 14 0 0 6 0 0 0 0 0 0 0 0 0 0 0 0 0 0 0 18 0 74 16 61 0
hsa-miR-500b-3p 0 0 0 2 0 90 0 0 0 0 0 0 0 0 0 0 0 0 10 0 0 8 0 0 0 0 0 11 0 0 0 0 18 0 0 0 0 0 0 18 0 0 0 0 0 0 0 0 0 4 0 2 0 0 0 0 0 0 0 0 0 0 74 0 0 56 0 0 4 0 0 0 0 0 0 0 0 0 0 0 0 0 0 2 0 0 0 0 0 0 168 122 8 0 37 78
hsa-miR-520b 0 0 0 2 0 0 0 0 0 0 0 0 0 0 0 0 0 0 0 0 0 0 0 0 0 0 0 0 0 0 0 0 0 0 0 0 0 0 0 1 0 0 0 0 0 0 0 0 0 0 0 16 0 0 0 0 0 0 0 0 0 0 0 0 0 0 0 0 0 0 0 0 0 2 0 0 0 0 0 0 0 0 0 0 0 0 104 0 0 0 0 0 0 0 0 0
hsa-miR-520c-3p 0 0 0 2 0 0 0 0 0 0 0 0 0 0 0 0 0 0 0 0 0 0 0 0 0 0 0 0 0 0 0 0 0 0 0 0 0 0 0 1 0 0 0 0 0 0 0 0 0 0 0 16 0 0 0 0 0 0 0 0 0 0 0 0 0 0 0 0 0 0 0 0 0 2 0 0 0 0 0 0 0 0 0 0 0 0 104 0 0 0 0 0 0 0 0 0
hsa-miR-548a-3p 0 0 0 32 0 36 0 0 0 0 0 50 0 0 12 0 22 0 54 0 0 0 2 44 0 0 0 0 42 1 92 0 1 1 0 0 17 20 0 0 0 0 0 4 0 0 50 0 24 96 0 160 0 0 0 0 0 90 0 0 0 0 0 0 12 42 0 0 20 8 0 0 0 0 46 2 0 0 30 0 0 10 8 12 0 120 20 0 0 26 8 2 48 0 0 0
hsa-miR-548j-3p 0 0 0 40 0 0 0 0 0 0 0 0 16 0 0 0 0 0 0 0 0 0 0 0 0 0 0 0 0 0 0 0 0 0 0 0 0 0 0 0 0 0 0 0 0 0 0 0 0 0 0 0 0 0 0 0 0 0 0 0 0 0 0 0 0 0 0 0 0 0 0 0 0 0 0 0 0 0 0 0 0 0 0 0 0 0 0 0 0 0 0 0 2 0 0 0
hsa-miR-5571-5p 0 0 0 64 182 272 46 58 0 2 30 400 38 0 0 6 0 66 0 38 2 40 80 76 0 6 0 0 0 14 6 12 34 0 12 1 5 0 1 0 50 0 86 4 22 20 38 0 2 56 0 0 20 0 24 110 34 0 54 50 76 0 0 0 0 182 0 0 16 54 0 0 0 102 0 116 58 0 238 0 60 70 0 154 138 344 22 0 0 84 0 0 30 0 0 0
hsa-miR-605-5p 0 0 0 84 2 0 0 0 0 54 0 0 0 0 16 0 0 0 2 0 0 0 0 8 0 0 0 0 0 0 4 0 0 0 0 0 0 0 0 0 0 0 0 0 0 0 0 0 2 0 0 74 0 0 0 0 42 40 0 0 0 0 12 0 0 0 0 0 0 0 0 0 0 0 0 0 0 0 0 0 0 0 0 0 0 0 0 0 0 0 50 60 0 0 0 153
hsa-miR-6505-3p 0 0 0 2 0 0 0 0 0 0 0 0 0 0 0 0 0 0 0 0 0 0 0 0 0 17 0 0 0 0 0 0 0 0 0 1 0 0 0 31 0 0 0 4 0 0 0 0 0 0 0 46 0 0 0 0 0 0 0 0 10 0 0 0 0 0 0 0 2 10 0 0 0 0 0 0 0 0 0 0 0 0 0 0 0 0 6 0 0 0 26 72 70 0 0 0
hsa-miR-6515-3p 0 0 0 204 32 0 0 0 0 0 0 0 0 0 0 0 0 0 0 0 0 0 0 0 0 0 0 0 19 0 0 0 0 0 0 0 0 0 0 0 0 0 0 0 0 0 0 0 32 4 2 0 0 0 0 0 0 0 0 0 0 0 0 0 0 2 0 0 0 0 0 0 0 0 0 0 14 0 0 0 0 0 0 12 0 0 10 0 0 2 0 0 0 0 0 0
hsa-miR-6753-5p 0 0 0 56 0 0 0 0 0 0 0 0 0 0 0 0 0 0 0 0 0 0 0 0 0 0 0 0 0 0 0 0 0 0 0 0 0 0 0 0 0 0 0 0 0 0 0 0 18 0 0 0 0 0 0 0 0 0 0 0 0 0 0 0 0 0 0 0 0 0 0 0 0 0 0 0 0 0 0 0 0 0 0 0 0 0 0 0 0 0 0 0 0 0 0 0
hsa-miR-6758-3p 0 0 0 66 26 50 0 0 0 10 0 0 0 0 2 10 0 34 0 42 0 0 0 20 0 0 0 0 0 0 0 0 6 0 0 0 0 0 0 0 0 0 17 0 0 0 0 0 0 0 0 30 26 0 0 0 2 0 74 0 0 0 0 0 0 0 0 0 0 0 0 0 0 0 0 0 0 0 0 0 0 0 0 0 0 0 2 38 0 0 0 96 32 0 88 0
hsa-miR-6880-3p 0 0 0 18 0 0 0 0 0 0 0 0 0 0 10 0 0 0 0 0 0 0 0 0 0 0 0 0 0 0 0 0 0 0 0 0 0 0 0 0 0 0 0 0 0 0 0 0 0 0 0 0 0 0 0 0 0 0 0 0 0 0 0 0 0 0 0 0 0 0 0 0 0 0 0 0 0 0 0 0 0 0 0 0 0 0 0 0 0 0 0 0 0 0 0 0
hsa-let-7c-3p 0 0 0 0 64 0 0 0 4 0 0 8 32 0 230 0 0 2 16 0 0 0 0 0 0 8 0 0 10 6 0 0 10 3 0 0 2 0 16 35 1 0 23 22 30 0 6 20 84 40 2 82 0 0 2 0 8 0 4 0 174 22 0 0 0 122 0 0 8 0 0 0 0 36 0 0 0 0 0 0 0 0 0 0 0 46 14 0 0 70 406 476 304 258 215 21
hsa-miR-101-5p 0 0 0 0 78 28 0 30 0 18 0 50 0 0 26 0 0 32 0 0 0 0 0 0 0 0 0 0 0 0 0 0 0 0 0 0 19 26 1 0 0 30 0 0 0 0 0 0 0 14 0 30 16 0 0 0 0 0 0 0 0 0 0 0 0 28 0 66 0 0 0 68 0 40 0 18 34 0 20 0 56 24 0 6 0 0 0 52 0 0 0 0 2 0 0 0
hsa-miR-103a-2-5p 0 0 0 0 34 0 0 42 0 0 0 18 18 0 76 0 0 0 0 0 0 0 0 0 0 0 0 0 25 2 8 0 0 0 4 0 14 0 0 0 0 0 0 0 0 28 0 0 0 0 0 78 80 0 0 50 0 0 0 0 0 0 0 0 0 0 0 0 0 0 0 0 0 0 0 26 0 2 0 0 0 0 0 0 0 42 0 0 0 16 170 64 184 88 54 27
hsa-miR-105-3p 0 0 0 0 2 0 0 0 0 0 0 0 0 0 0 0 0 2 0 0 0 0 2 30 0 0 0 0 0 0 0 0 0 0 0 0 0 0 0 0 0 0 0 0 0 0 0 0 0 0 0 0 0 0 0 0 0 0 0 0 0 0 0 0 0 0 0 0 0 0 0 0 0 0 0 0 0 0 0 0 0 0 0 0 0 0 0 0 0 0 82 60 70 36 0 0
hsa-miR-1180-5p 0 0 0 0 20 0 0 0 0 0 2 0 0 0 0 0 0 0 26 0 0 0 0 0 9 0 5 0 0 0 27 0 0 0 0 0 0 11 0 40 0 0 0 0 10 0 0 0 0 92 0 62 0 0 0 0 0 0 50 0 30 0 0 0 0 70 0 0 0 0 0 0 0 0 0 0 0 0 0 0 0 0 0 0 0 52 0 0 0 0 34 0 22 24 54 0
hsa-miR-1229-3p 0 0 0 0 82 30 64 0 134 54 104 20 2 0 0 0 0 2 0 0 0 0 274 0 12 22 0 0 0 0 23 0 0 0 0 49 0 0 0 0 1 0 11 0 0 64 0 0 0 8 0 62 10 0 48 0 0 20 0 0 22 0 0 0 36 22 0 0 18 0 0 0 10 80 0 0 0 0 0 0 0 36 0 0 0 28 14 46 0 18 0 0 0 0 0 0
hsa-miR-1236-3p 0 0 0 0 22 0 0 0 0 0 0 0 0 0 0 0 0 0 0 0 0 0 0 0 0 0 0 0 0 0 0 0 0 0 0 0 0 0 0 0 0 0 0 0 0 0 0 0 0 0 0 0 0 0 0 0 0 0 0 0 0 0 0 0 0 0 0 0 0 0 0 0 0 0 0 0 0 0 0 0 0 0 0 0 0 0 0 0 0 0 38 0 0 0 0 0
hsa-miR-1236-5p 0 0 0 0 4 8 0 0 0 0 0 0 0 0 26 0 0 0 0 78 0 0 0 0 0 0 0 0 0 0 1 0 0 0 0 0 1 0 0 0 1 0 0 0 0 0 0 0 14 0 0 2 0 0 0 0 0 2 0 0 0 0 0 0 0 0 0 0 0 6 0 0 0 4 0 0 0 0 0 0 64 0 0 30 0 0 0 0 0 0 0 0 0 0 0 0
hsa-miR-1252-3p 0 0 0 0 26 0 0 0 0 0 0 0 0 0 10 0 0 0 0 0 0 0 0 0 0 0 0 0 0 0 0 0 0 0 0 0 0 0 0 0 0 0 0 0 0 0 0 0 0 12 0 0 0 0 0 0 0 0 0 0 0 0 0 0 0 0 0 0 0 0 0 0 0 0 0 0 0 0 0 0 0 0 0 0 0 0 0 0 0 0 0 0 0 0 0 0
hsa-miR-1273c 0 0 0 0 56 0 0 0 0 0 2 32 0 0 0 0 0 0 0 0 0 0 56 0 0 1 0 0 0 0 0 0 3 0 0 0 0 0 0 0 0 0 10 0 0 0 0 0 0 32 0 10 0 0 0 0 0 0 34 0 0 0 0 0 0 0 0 0 0 0 0 0 0 8 30 0 0 0 0 0 0 0 0 0 6 0 0 0 0 0 28 178 126 32 0 0
hsa-miR-1285-3p 0 0 0 0 2 2 0 0 56 42 0 0 0 0 0 0 0 0 16 0 154 0 38 0 0 0 0 3 0 13 2 0 0 0 0 0 0 0 0 1 1 0 0 4 0 0 0 0 0 14 2 0 0 0 108 20 78 0 194 0 0 0 0 0 68 32 0 2 28 0 0 66 0 0 0 0 0 0 70 0 0 0 0 0 0 0 6 0 2 0 102 80 34 76 0 0
hsa-miR-153-3p 0 0 0 0 44 0 0 0 0 12 0 52 0 0 26 0 36 0 0 0 2 0 2 0 0 0 2 0 0 0 0 0 22 0 0 0 0 0 0 0 0 0 0 0 0 0 0 0 0 8 0 80 0 88 0 0 0 0 0 0 0 38 0 0 0 0 0 0 44 0 0 0 0 0 26 0 0 0 0 0 0 0 0 0 0 0 0 0 0 0 0 0 0 0 0 0
hsa-miR-1538 0 0 0 0 20 0 0 0 0 0 0 28 0 0 0 0 44 0 8 0 0 0 56 0 14 1 0 0 0 2 0 0 0 23 0 0 0 0 8 0 0 0 0 0 60 0 0 0 2 22 0 6 0 0 0 0 2 0 0 0 22 0 0 0 70 0 0 54 0 0 0 0 0 0 0 0 0 0 0 34 2 0 0 0 0 0 0 0 0 0 110 0 0 0 20 36
hsa-miR-1910-3p 0 0 0 0 20 0 0 0 44 0 0 46 0 0 0 0 0 0 0 0 0 0 0 0 15 0 0 0 0 0 40 45 1 0 0 0 0 0 0 0 0 0 0 12 22 2 0 104 0 0 0 0 0 0 2 0 0 0 56 0 2 0 0 0 0 0 0 0 0 0 0 0 0 0 0 0 0 0 0 0 0 0 0 14 0 0 0 22 0 0 100 66 0 0 0 0
hsa-miR-1911-3p 0 0 0 0 62 0 0 0 0 0 0 0 0 0 0 0 0 0 0 0 0 0 0 0 0 0 0 0 0 0 0 0 0 0 0 10 0 0 0 0 0 0 0 0 0 0 0 0 8 0 0 0 0 0 0 0 0 0 0 0 0 0 0 0 0 0 0 0 0 0 0 0 0 0 0 0 0 0 0 0 0 0 0 0 0 0 24 2 0 0 0 0 0 0 44 0
hsa-miR-193a-3p 0 0 0 0 38 64 0 0 0 8 42 134 0 0 0 0 0 0 0 2 0 0 56 0 0 16 0 8 0 0 0 0 0 0 0 0 0 0 0 32 0 0 14 0 6 0 2 32 0 66 82 0 0 0 0 0 12 4 72 0 72 0 0 0 0 18 0 52 36 0 0 0 0 32 0 10 8 14 16 0 0 0 0 0 0 0 10 28 24 0 0 0 26 0 0 0
hsa-miR-194-3p 0 0 0 0 60 0 0 74 0 2 144 210 0 0 24 0 0 286 0 0 0 0 0 0 2 0 0 0 8 0 0 0 0 0 7 0 0 26 0 0 0 45 0 0 16 12 0 0 0 82 0 44 28 0 0 2 0 0 100 0 98 0 0 0 0 56 0 0 46 0 0 0 0 116 18 72 0 0 0 0 4 10 6 0 136 0 0 38 38 0 0 0 0 0 2 0
hsa-miR-212-3p 0 0 0 0 2 0 0 0 0 86 0 0 0 0 8 0 0 0 40 0 0 64 0 0 0 0 0 0 20 0 8 0 12 0 2 0 0 0 0 0 2 0 0 0 0 12 0 26 0 0 0 26 2 0 22 0 24 0 94 0 12 2 0 8 0 0 2 0 0 0 0 0 0 116 10 2 0 0 0 0 0 0 0 0 0 0 28 0 0 0 62 0 166 8 76 111
hsa-miR-23c 0 0 0 0 2 0 0 0 2 2 0 0 0 0 2 0 0 0 0 2 0 0 0 0 0 0 0 0 0 0 0 0 0 0 0 0 0 0 0 0 0 0 0 0 0 16 2 0 0 0 0 0 2 0 4 2 0 0 4 0 0 0 0 0 0 2 0 0 0 0 0 0 0 0 6 0 0 0 2 2 0 0 0 0 0 2 0 0 0 0 0 2 0 0 0 0
hsa-miR-3131 0 0 0 0 20 0 0 0 0 0 0 0 0 0 18 0 0 0 0 0 0 0 0 0 0 0 0 0 0 0 0 0 0 0 0 0 0 0 0 0 0 0 0 0 0 0 0 0 0 0 0 0 0 0 0 0 0 0 0 0 0 0 0 0 0 0 0 0 0 0 0 0 0 0 0 0 0 0 0 0 0 0 0 0 0 0 0 0 0 0 0 0 0 0 0 0
hsa-miR-3150b-3p 0 0 0 0 8 0 0 0 0 62 0 0 0 0 0 0 0 0 0 0 0 0 0 0 0 0 0 0 0 0 0 0 0 0 0 0 0 0 0 0 0 3 0 0 0 0 0 0 0 0 0 6 0 0 0 0 0 0 0 0 0 0 0 0 0 0 0 0 0 0 0 0 0 108 0 0 0 0 0 0 0 0 0 0 0 6 0 0 0 0 0 0 0 0 0 0
hsa-miR-3154 0 0 0 0 68 0 0 0 0 0 0 0 0 0 0 0 0 62 0 0 0 0 0 0 0 0 0 0 0 0 19 0 0 0 0 0 0 0 0 0 0 0 0 0 0 42 0 0 0 70 0 0 48 0 0 0 0 0 0 0 86 0 0 0 0 0 0 0 0 0 0 0 0 36 20 0 0 0 0 0 48 0 0 0 0 0 0 0 0 0 0 2 0 0 0 0
hsa-miR-3157-5p 0 0 0 0 60 0 0 0 0 20 0 34 0 0 0 0 0 0 0 0 0 0 0 0 37 0 0 19 4 7 26 0 1 0 0 0 0 6 0 0 1 0 19 0 0 0 0 0 0 12 0 28 0 28 0 0 6 0 112 0 16 0 0 0 0 0 0 0 0 0 0 2 0 0 42 0 16 0 42 0 0 0 2 20 0 0 0 38 0 50 62 22 90 30 20 111
hsa-miR-3180 0 0 0 0 4 0 0 0 2 90 0 0 2 0 54 0 0 0 2 2 0 4 0 0 5 0 19 0 0 0 0 3 0 0 0 19 0 0 20 1 1 1 17 0 0 10 0 2 0 12 0 1034 0 0 0 0 0 2 92 0 2 0 0 0 110 6 0 4 12 2 2 0 6 0 2 0 0 6 2 4 0 0 0 0 2 0 562 64 0 0 64 272 5262 2122 2122 2209
hsa-miR-3180-3p 0 0 0 0 4 0 0 0 2 90 0 0 2 0 54 0 0 0 2 2 0 4 0 0 5 0 19 0 0 0 0 3 0 0 0 19 0 0 20 1 1 1 17 0 0 10 0 2 0 12 0 1034 0 0 0 0 0 2 92 0 2 0 0 0 110 6 0 4 12 2 2 0 6 0 2 0 0 6 2 4 0 0 0 0 2 0 562 64 0 0 64 272 5262 2120 2122 2209
hsa-miR-3190-3p 0 0 0 0 28 0 0 0 0 0 0 12 0 0 2 0 0 0 0 2 0 0 0 0 0 0 0 0 0 1 20 4 0 0 3 0 21 0 0 0 0 0 0 0 0 0 0 2 0 0 0 14 0 0 0 0 0 0 0 0 0 0 0 0 0 12 0 0 0 0 0 0 0 0 0 0 0 0 0 0 0 0 0 0 0 0 20 0 0 0 0 0 50 0 25 0
hsa-miR-3191-3p 0 0 0 0 158 0 0 0 0 0 82 0 0 0 0 0 0 32 38 0 0 0 0 0 0 0 9 0 0 0 13 0 0 0 0 0 15 0 0 0 0 1 0 0 0 0 0 0 28 0 0 18 0 0 0 14 0 0 0 0 46 56 0 10 0 0 0 0 0 0 0 0 0 14 0 0 18 0 18 0 0 8 4 0 0 0 0 126 0 0 0 2 48 0 0 0
hsa-miR-3192-5p 0 0 0 0 44 0 0 0 0 0 0 0 0 0 38 72 0 0 0 0 0 0 0 0 0 0 0 0 0 0 0 0 0 0 0 0 36 0 0 0 0 0 0 0 0 0 0 0 14 0 0 0 0 0 0 0 0 0 0 0 0 0 0 0 0 0 0 0 0 0 0 0 0 0 0 0 0 0 0 0 0 0 0 0 0 0 0 0 0 22 0 96 36 0 0 0
hsa-miR-3199 0 0 0 0 20 22 0 0 60 0 0 0 0 0 10 0 40 0 12 0 0 0 0 0 0 0 0 0 0 0 0 0 14 0 7 0 0 0 0 0 0 0 0 0 0 18 0 136 0 22 0 0 0 0 0 0 0 0 152 0 0 0 0 0 0 26 0 0 0 0 0 0 0 16 28 0 10 72 20 0 0 0 0 0 0 124 0 46 0 2 0 0 72 0 0 42
hsa-miR-365b-5p 0 0 0 0 46 0 0 0 0 0 0 32 0 0 20 0 0 0 4 0 0 0 0 0 0 0 5 0 0 0 0 0 0 0 0 0 0 0 0 0 1 0 5 0 0 0 0 0 0 18 2 2 0 0 0 0 0 0 0 0 130 0 0 0 0 0 0 8 0 0 0 0 0 0 2 0 0 2 0 0 0 0 0 0 0 2 0 60 0 0 0 0 0 2 0 0
hsa-miR-3913-5p 0 0 0 0 72 2 0 20 2 12 0 22 20 0 0 0 0 0 22 0 0 0 0 0 0 0 0 6 0 1 0 0 0 0 0 0 8 24 0 0 0 3 0 0 0 0 30 2 0 20 0 44 0 0 0 46 22 0 76 0 0 0 0 0 0 0 0 0 0 0 0 0 0 0 54 24 12 0 0 0 124 42 8 0 0 36 34 0 0 0 0 0 128 0 0 0
hsa-miR-3937 0 0 0 0 2 2 0 0 0 0 0 0 0 0 0 0 0 0 0 0 0 0 0 0 0 0 0 0 0 0 0 0 0 0 0 0 0 0 20 0 0 0 0 0 0 0 0 0 0 0 0 0 0 0 0 0 0 0 0 0 0 0 0 0 0 0 0 0 38 0 0 0 2 0 0 0 0 0 0 0 0 0 0 0 0 0 0 2 0 0 74 42 260 56 65 295
hsa-miR-3943 0 0 0 0 90 0 0 0 0 0 0 0 0 0 0 0 0 0 0 0 0 0 0 0 0 0 0 0 0 0 0 0 0 0 0 0 0 0 0 0 0 0 0 0 0 0 0 0 0 0 0 0 0 0 0 0 0 0 0 0 0 0 0 0 0 0 0 0 0 0 0 0 0 0 0 0 0 0 0 0 0 0 0 0 0 0 0 0 0 0 0 0 0 0 0 0
hsa-miR-3944-3p 0 0 0 0 40 0 0 0 0 0 0 0 0 0 18 0 0 0 0 2 0 0 0 0 15 0 0 0 0 0 3 0 0 0 0 0 0 0 0 0 0 0 0 0 0 0 0 0 0 0 0 2 0 0 0 0 0 0 0 0 0 0 0 0 0 0 0 0 0 0 0 0 0 0 0 0 0 0 0 0 0 0 0 0 0 0 0 0 0 0 0 82 10 40 2 0
hsa-miR-3944-5p 0 0 0 0 2 0 0 0 0 0 0 0 66 0 22 0 0 0 0 0 0 0 0 0 9 0 0 0 0 0 19 0 4 0 0 0 0 0 0 0 0 0 0 0 0 64 8 0 0 0 0 64 0 62 0 0 0 0 0 0 0 0 0 0 0 0 0 0 0 0 0 18 0 72 0 0 0 0 0 0 0 0 0 20 0 54 0 0 0 0 0 0 174 68 0 0
hsa-miR-4258 0 0 0 0 14 0 0 0 0 0 0 0 0 0 0 0 0 0 0 0 0 0 0 0 0 0 0 0 0 0 0 0 0 0 0 0 0 0 0 0 0 0 0 0 0 0 0 0 0 0 0 0 0 0 0 0 0 0 0 0 0 0 0 0 0 0 0 0 0 0 0 0 0 0 0 0 0 0 0 0 0 0 0 0 0 0 0 0 0 0 0 0 0 0 0 0
hsa-miR-431-3p 0 0 0 0 34 0 0 0 0 0 0 0 0 0 0 0 0 0 0 0 0 0 0 0 0 0 0 0 0 0 0 0 0 0 0 0 0 0 0 1 0 0 0 0 0 0 0 0 0 0 0 0 0 0 0 0 0 0 0 0 0 0 0 0 0 0 0 0 0 0 0 0 0 0 0 0 0 0 0 0 0 14 0 0 0 0 0 0 0 0 0 0 0 0 0 0
hsa-miR-4421 0 0 0 0 2 0 0 0 0 0 0 0 0 0 0 0 0 0 0 0 0 0 0 0 0 0 0 0 0 0 0 0 0 0 0 0 20 0 0 0 0 0 0 0 0 0 0 0 0 0 0 0 0 0 0 0 0 0 0 0 2 0 0 0 0 0 0 0 0 0 0 0 0 0 0 0 0 0 0 0 0 0 0 2 0 0 0 0 0 0 90 38 4 10 0 73
hsa-miR-4457 0 0 0 0 14 0 0 0 0 0 0 0 0 0 0 0 0 0 0 0 0 0 0 0 0 0 0 0 0 0 2 0 0 0 0 0 0 0 0 0 0 0 0 0 0 0 0 0 0 0 0 0 0 0 0 0 0 0 0 0 0 0 0 0 0 0 0 0 0 0 0 0 0 2 0 0 0 0 0 0 0 0 0 0 0 0 0 52 0 0 20 130 134 0 0 0
hsa-miR-4461 0 0 0 0 4 2 0 0 2 0 6 0 2 0 26 0 0 0 0 0 0 0 0 0 0 0 0 0 0 0 29 0 0 0 0 0 23 0 0 0 0 10 0 2 0 0 0 0 12 0 0 66 20 2 0 0 0 0 4 0 0 0 0 0 6 0 10 0 0 0 4 0 0 80 0 0 0 0 0 0 28 2 6 20 64 0 50 0 0 0 72 204 1212 278 534 284
hsa-miR-4472 0 0 0 0 8 0 0 0 0 0 0 0 0 0 0 0 0 0 0 0 0 2 0 0 0 0 0 0 0 0 0 0 0 0 0 0 0 0 0 0 0 0 0 0 0 0 0 0 0 0 0 0 0 0 0 4 0 0 0 0 0 0 0 0 0 0 0 0 0 0 0 0 0 0 0 0 0 0 0 0 0 0 0 0 0 0 0 0 0 0 0 0 2 0 0 0
hsa-miR-4477a 0 0 0 0 30 0 0 0 0 0 0 0 0 0 0 0 0 0 0 0 0 0 0 0 0 0 0 0 0 0 42 0 0 0 0 0 20 0 0 0 0 0 0 0 0 0 0 0 0 0 0 40 0 0 0 0 0 0 0 0 2 0 0 0 0 0 0 0 0 0 0 0 0 0 0 0 0 0 0 0 62 0 0 0 0 0 18 0 0 0 0 60 26 0 0 0
hsa-miR-4477b 0 0 0 0 18 0 0 44 0 62 0 26 2 0 0 0 0 0 4 2 2 22 0 0 0 0 0 0 44 0 8 0 0 2 14 0 0 19 4 0 0 0 0 2 0 0 58 40 0 0 0 330 94 0 0 16 0 0 388 0 0 0 0 0 0 0 0 0 2 0 0 2 0 0 8 0 0 0 30 0 32 0 0 14 0 50 0 0 0 0 122 0 196 0 16 0
hsa-miR-4652-3p 0 0 0 0 2 0 0 0 0 0 0 0 0 0 0 0 0 0 0 0 0 0 0 0 0 0 0 0 0 0 0 0 0 0 0 0 0 0 0 0 0 0 0 0 0 0 0 0 0 0 0 0 0 2 0 0 0 0 0 0 0 0 0 0 0 0 0 0 0 0 0 0 0 0 0 0 0 0 0 0 0 0 0 0 0 0 0 0 0 0 48 0 176 52 52 8
hsa-miR-4658 0 0 0 0 32 0 0 0 0 0 0 0 0 0 0 0 0 0 0 0 0 0 0 0 0 0 0 0 0 0 38 0 0 0 0 0 0 0 0 0 0 0 0 2 0 0 0 0 0 0 0 0 0 0 0 0 2 0 0 0 0 0 0 0 0 0 0 0 0 0 0 0 0 0 0 0 0 0 2 0 0 0 0 0 0 0 0 0 0 0 0 0 0 0 0 0
hsa-miR-4667-3p 0 0 0 0 76 0 30 0 0 0 0 0 0 0 0 0 0 0 0 0 0 0 0 0 0 0 0 0 0 0 0 0 40 0 0 0 0 0 0 0 0 0 0 0 0 0 0 0 0 0 0 0 0 0 0 0 0 0 0 0 0 0 0 0 0 0 0 0 0 0 0 0 0 0 0 0 0 0 0 0 0 0 0 0 0 0 0 56 0 0 2 0 0 0 0 0
hsa-miR-4667-5p 0 0 0 0 30 0 0 0 0 0 0 0 0 0 0 0 0 28 0 0 0 0 0 0 0 0 0 0 0 0 0 0 0 0 0 0 0 0 0 0 0 0 0 0 0 0 0 0 0 0 0 0 0 0 0 0 0 0 0 0 0 0 0 0 6 0 0 0 0 0 0 0 0 0 0 0 0 0 0 0 0 0 0 0 0 0 0 0 0 22 0 0 0 0 0 0
hsa-miR-4676-5p 0 0 0 0 36 0 0 0 0 0 0 42 0 0 26 0 0 0 0 0 0 0 0 0 8 0 0 0 0 0 21 0 0 0 45 0 0 0 0 0 0 0 0 0 0 0 0 0 2 0 0 0 0 0 0 0 2 0 0 14 12 0 0 0 0 48 0 0 0 0 0 0 0 0 0 0 34 0 0 4 0 0 0 0 0 0 20 0 0 0 0 0 0 0 0 0
hsa-miR-4680-3p 0 0 0 0 18 0 0 0 0 0 0 0 0 0 0 0 0 0 0 0 0 0 0 0 0 0 0 0 0 0 0 0 2 0 0 0 0 0 0 0 0 0 0 0 0 0 0 0 0 0 0 0 0 0 0 0 0 0 0 0 0 0 0 0 0 0 0 0 0 0 0 0 0 0 0 0 0 0 0 0 0 0 0 58 0 0 12 0 0 0 0 0 0 0 0 0
hsa-miR-4703-3p 0 0 0 0 8 2 0 0 0 0 0 0 2 0 42 0 0 0 2 0 0 0 0 0 0 0 0 3 0 0 0 0 24 0 0 0 0 0 0 0 0 0 0 4 0 18 0 0 0 0 0 2 0 0 0 0 0 0 124 0 0 0 0 0 0 0 0 0 0 42 0 0 0 0 0 0 0 0 0 0 0 0 0 4 0 118 0 0 0 0 0 0 2 0 0 0
hsa-miR-4708-3p 0 0 0 0 296 0 48 20 0 24 0 0 0 0 0 0 0 34 4 0 0 106 40 18 0 0 12 0 0 0 0 0 1 0 0 0 0 0 0 0 42 0 0 0 0 0 4 0 30 14 0 0 0 0 0 0 0 44 98 0 0 316 0 0 0 12 0 0 0 0 0 0 0 0 0 22 0 2 0 2 26 74 2 0 0 8 12 0 0 0 0 60 0 0 0 0
hsa-miR-4717-3p 0 0 0 0 22 0 0 0 0 0 0 0 0 0 0 0 0 0 0 0 0 0 0 0 0 0 0 0 0 0 0 0 0 0 0 0 0 0 0 0 0 0 0 0 0 0 0 0 0 0 0 0 0 0 0 0 0 0 0 0 0 0 0 0 0 0 0 0 0 0 0 0 0 0 0 0 0 0 0 0 0 0 0 0 0 0 0 0 0 0 0 0 0 0 0 0
hsa-miR-4727-3p 0 0 0 0 94 32 36 0 0 0 0 0 0 0 0 0 0 0 0 0 2 0 0 0 0 0 0 0 0 0 0 0 0 0 0 0 0 0 0 0 0 0 0 0 0 0 0 0 42 0 0 0 0 0 0 0 0 36 0 0 60 0 0 0 0 0 0 0 0 0 50 0 0 0 0 12 0 0 26 0 0 0 0 0 0 0 0 0 0 0 0 0 0 0 0 0
hsa-miR-4728-3p 0 0 0 0 2 0 0 0 0 0 0 0 0 0 0 0 0 0 0 0 0 0 0 0 0 0 0 0 0 0 0 0 0 0 0 0 0 0 0 0 0 0 0 0 0 0 0 0 0 0 0 0 0 0 0 0 0 0 0 0 0 0 0 0 0 0 0 0 0 0 0 0 0 0 0 0 0 0 0 0 0 0 0 0 0 0 0 0 0 0 32 0 0 0 0 0
hsa-miR-4733-3p 0 0 0 0 32 0 0 0 0 0 0 0 0 0 0 0 0 0 0 0 0 0 0 0 0 0 0 0 0 0 0 0 0 0 0 0 0 0 0 0 0 0 0 0 0 0 0 0 0 0 0 0 0 0 0 0 0 0 0 0 0 0 0 0 0 0 0 0 0 0 0 0 0 0 0 0 0 0 0 0 0 0 0 0 0 0 0 0 0 0 0 0 0 0 0 0
hsa-miR-4738-5p 0 0 0 0 38 0 0 0 0 0 0 0 0 0 0 0 0 0 0 0 0 0 0 0 0 0 0 0 0 0 0 0 0 0 0 0 0 0 0 0 0 0 0 0 0 0 0 0 0 0 0 0 0 0 0 0 0 0 0 0 0 0 0 0 0 0 0 0 0 0 0 0 0 0 0 0 0 0 0 0 0 0 0 0 0 0 0 0 0 0 0 0 0 0 0 0
hsa-miR-4741 0 0 0 0 2 0 114 0 0 30 0 0 0 0 0 0 0 0 0 2 0 0 0 0 0 0 0 0 0 0 0 0 0 0 0 0 0 0 15 0 0 0 0 0 0 0 6 0 0 0 0 0 0 0 0 0 0 0 22 0 32 0 2 0 4 10 0 0 0 0 0 0 0 0 0 0 0 0 4 0 0 0 0 0 0 0 10 0 0 0 52 84 60 62 0 129
hsa-miR-4751 0 0 0 0 240 0 0 0 0 0 0 0 0 0 24 0 0 14 0 0 0 0 0 0 34 0 0 0 0 0 62 0 0 0 0 0 0 0 0 0 0 0 0 0 0 0 0 0 0 0 0 0 0 0 0 0 0 0 0 0 0 0 0 0 8 0 0 0 32 0 0 0 0 0 0 0 0 2 0 80 0 0 0 56 0 0 0 0 0 0 0 0 0 0 0 3
hsa-miR-4755-3p 0 0 0 0 14 0 0 0 0 0 38 0 0 0 2 0 0 24 0 0 0 0 0 0 0 0 0 0 0 0 0 0 0 0 0 0 0 0 0 0 0 0 0 0 0 0 0 0 0 0 0 0 0 0 0 0 0 0 0 0 0 0 0 0 0 0 0 0 0 0 0 0 0 0 0 0 0 0 0 0 0 0 0 0 0 0 0 0 0 0 0 0 52 20 0 0
hsa-miR-4765 0 0 0 0 58 0 0 0 0 0 0 0 0 0 0 0 0 0 0 0 0 0 0 0 0 0 0 0 0 0 0 0 1 0 0 0 0 0 19 0 0 0 0 0 0 0 0 0 0 0 0 0 0 0 0 0 0 0 0 0 0 0 0 0 0 0 0 0 0 0 0 0 0 0 0 0 0 0 0 0 0 0 0 0 0 0 0 0 0 0 0 0 28 12 0 0
hsa-miR-4766-3p 0 0 0 0 42 20 0 0 0 0 0 0 0 0 0 0 0 0 0 0 0 0 0 0 0 0 0 0 0 0 0 0 0 0 0 0 0 0 0 0 0 0 0 0 0 0 0 0 0 0 0 4 0 0 0 0 0 0 0 0 0 0 0 0 0 0 0 0 0 58 0 0 0 0 0 0 0 0 0 0 0 0 0 0 0 0 0 0 0 0 0 38 0 0 0 0
hsa-miR-4781-5p 0 0 0 0 40 2 0 0 0 0 0 0 0 0 0 0 0 0 0 0 0 0 0 0 0 0 0 0 0 0 0 0 0 0 0 5 0 0 0 0 0 0 0 0 0 0 0 0 2 32 0 0 0 0 0 0 0 0 0 0 0 0 0 0 0 0 0 0 0 28 0 0 0 60 0 0 0 0 0 0 46 0 0 0 0 0 0 0 0 0 0 0 0 0 0 0
hsa-miR-4804-3p 0 0 0 0 30 0 0 0 0 0 0 0 0 0 2 0 0 0 0 0 0 0 0 0 0 0 0 0 0 0 0 0 0 0 0 0 0 0 0 0 0 0 0 0 0 0 0 0 0 0 0 18 0 0 0 0 0 0 2 0 0 0 0 0 0 0 0 0 0 0 0 0 0 2 0 0 0 0 0 0 0 0 0 0 0 38 0 0 0 0 20 80 0 0 38 129
hsa-miR-490-3p 0 0 0 0 2 0 0 0 0 0 0 0 0 0 0 0 0 0 0 0 0 0 0 0 0 0 0 0 0 0 0 0 0 0 0 0 0 0 0 0 0 0 0 0 0 0 0 0 0 0 0 0 0 0 0 0 0 0 0 0 0 0 0 0 56 0 0 0 0 0 0 0 0 0 0 22 0 0 0 0 0 0 0 0 0 0 0 0 0 0 0 0 36 16 0 0
hsa-miR-5006-3p 0 0 0 0 16 78 0 12 0 0 0 0 0 0 6 0 14 0 0 0 0 0 0 0 0 0 0 0 0 0 0 50 0 1 0 0 18 0 0 0 0 0 0 0 0 0 0 0 0 2 0 28 0 0 0 0 32 0 0 0 0 0 0 0 0 0 0 0 0 0 0 0 0 14 0 0 0 0 0 0 0 0 0 0 0 0 0 0 0 0 0 0 0 0 0 0
hsa-miR-5009-5p 0 0 0 0 36 16 0 0 2 0 0 0 0 0 4 0 0 0 0 0 0 0 0 14 0 0 0 0 0 0 0 0 0 0 0 11 0 0 0 0 3 0 0 0 0 0 0 2 0 0 0 30 0 0 48 0 0 0 0 0 0 0 2 0 0 0 2 0 0 0 0 0 0 14 0 0 0 0 0 0 0 0 0 0 0 0 0 0 0 0 0 62 0 0 0 0
hsa-miR-5010-5p 0 0 0 0 68 0 0 0 0 14 32 12 0 0 0 0 0 0 0 0 0 0 192 0 8 0 0 9 0 9 7 0 1 8 0 0 11 0 0 0 0 0 42 0 12 0 0 0 60 0 0 0 0 0 0 0 0 0 186 0 0 0 0 0 0 0 0 0 0 0 0 2 0 0 0 0 0 0 26 0 0 0 14 0 0 0 0 0 0 0 0 0 0 0 7 0
hsa-miR-502-5p 0 0 0 0 4 0 0 0 46 20 6 72 0 0 36 2 74 0 62 2 10 0 44 76 33 0 0 2 0 0 73 0 0 0 21 0 0 0 9 0 0 16 0 0 16 180 0 30 42 14 0 16 0 0 40 58 0 0 0 0 48 0 0 0 0 2 0 0 144 0 0 82 0 32 100 0 0 0 0 0 96 16 0 16 0 0 30 34 0 0 312 232 498 96 106 75
hsa-miR-517c-3p 0 0 0 0 2 432 0 0 2 0 0 0 0 0 0 0 0 0 0 0 0 0 0 0 0 0 0 0 0 0 0 0 0 0 0 0 5 0 0 0 0 0 0 0 0 0 0 0 0 0 0 32 0 0 0 0 0 0 0 0 0 0 0 0 0 0 0 0 0 0 0 0 0 0 0 0 0 0 0 0 0 0 0 0 0 0 52 0 0 0 0 0 4 24 0 0
hsa-miR-545-5p 0 0 0 0 2 0 0 0 0 0 0 0 0 0 0 0 0 0 0 0 0 30 0 0 0 0 0 0 3 0 0 0 0 0 0 0 0 0 0 0 0 0 0 0 0 0 0 0 0 4 0 10 0 0 0 0 0 0 28 0 0 0 0 0 0 2 0 0 0 0 0 0 0 0 0 0 0 0 0 0 0 0 0 0 0 0 12 0 0 0 0 118 0 0 0 41
hsa-miR-548ak 0 0 0 0 50 0 0 0 0 0 0 0 0 0 4 0 0 0 0 0 0 0 0 0 0 0 0 0 0 0 0 0 0 0 0 0 0 0 0 0 0 0 0 0 0 10 12 0 4 0 0 0 0 0 0 0 0 0 68 0 0 0 0 0 0 0 0 0 0 0 0 0 0 0 32 0 0 0 0 0 0 0 0 0 0 0 0 30 0 0 0 0 0 0 0 0
hsa-miR-548am-3p 0 0 0 0 2 0 0 0 0 108 0 70 0 0 16 0 0 0 0 0 0 0 0 0 0 0 0 0 0 0 0 0 0 0 0 0 0 0 0 0 0 0 0 0 0 0 0 0 0 188 0 56 0 0 0 0 0 0 2 0 0 0 0 0 0 2 0 0 0 0 0 0 0 0 0 0 0 0 0 0 0 0 0 0 0 0 0 0 0 0 0 0 0 16 0 0
hsa-miR-548au-5p 0 0 0 0 58 0 0 0 0 58 0 0 0 0 0 0 0 0 0 0 0 0 0 10 0 0 0 0 0 0 0 0 0 0 0 0 0 0 0 0 0 0 0 0 0 0 0 0 0 0 2 0 0 0 0 0 0 0 88 0 0 0 0 0 0 0 0 0 0 0 0 0 0 0 0 0 0 0 0 0 2 8 0 0 0 18 0 0 0 0 0 0 118 0 0 0
hsa-miR-548b-3p 0 0 0 0 2 0 0 0 0 0 0 66 0 0 20 0 0 0 0 0 0 0 0 0 0 0 2 7 0 0 0 0 29 0 0 0 0 0 0 0 0 0 0 0 0 0 54 0 0 0 0 18 0 0 14 0 0 0 90 0 0 0 0 0 0 0 0 0 0 0 0 0 0 0 0 0 0 0 0 0 0 0 0 0 0 0 0 0 0 0 0 0 20 0 0 0
hsa-miR-548s 0 0 0 0 78 2 0 0 0 116 2 56 26 2 62 0 0 0 58 4 0 0 0 0 0 19 0 11 27 0 44 1 39 0 0 0 0 25 39 0 8 0 42 0 0 0 14 0 0 82 32 126 122 66 0 42 0 2 280 0 150 64 0 0 2 60 2 0 0 0 0 0 0 14 0 4 0 0 40 2 2 0 0 2 0 0 58 150 2 0 918 842 1994 560 248 178
hsa-miR-556-5p 0 0 0 0 2 0 0 0 0 76 0 62 58 0 0 0 0 2 30 0 76 0 30 0 13 12 31 0 34 21 34 0 0 0 7 0 25 60 0 0 1 0 0 14 0 66 0 0 32 30 0 0 0 22 0 0 0 84 84 0 0 0 62 0 0 0 0 94 46 0 0 14 0 0 148 0 44 0 0 0 0 40 32 0 0 0 0 0 0 0 0 0 0 0 2 0
hsa-miR-562 0 0 0 0 60 0 0 0 0 0 0 0 0 0 0 0 0 0 0 0 0 0 0 0 0 0 0 0 0 0 0 0 0 0 0 0 0 0 0 0 0 0 0 0 0 0 0 0 0 0 0 0 0 0 0 0 0 0 0 0 0 0 0 0 0 0 0 0 0 0 0 0 0 0 0 0 0 0 0 0 0 0 0 0 0 0 0 0 0 0 0 0 0 0 0 0
hsa-miR-5699-3p 0 0 0 0 42 0 0 0 0 0 0 0 0 0 0 0 0 0 0 0 0 0 0 0 0 1 0 0 0 0 0 0 0 0 0 0 0 0 0 0 0 0 33 0 0 0 0 0 0 0 0 34 0 0 0 0 0 0 0 0 0 0 0 0 0 0 0 0 0 0 0 0 0 0 0 0 0 0 0 0 0 0 0 0 0 0 0 0 0 0 0 0 0 0 0 0
hsa-miR-579-3p 0 0 0 0 42 2 0 0 0 38 0 162 0 0 2 2 0 0 4 0 0 0 0 0 34 0 3 0 0 0 30 0 0 0 0 0 4 36 0 0 0 0 0 0 2 46 8 18 16 10 0 64 30 2 0 6 0 0 282 8 10 16 0 0 0 56 0 0 0 0 0 0 0 0 40 0 0 2 0 2 0 36 0 2 126 0 0 0 0 0 370 206 516 44 173 0
hsa-miR-579-5p 0 0 0 0 88 0 0 0 92 0 0 0 0 0 0 0 0 38 0 0 0 0 0 0 9 0 0 0 0 20 18 0 0 0 0 0 0 0 0 0 0 41 0 0 28 0 0 0 0 0 0 0 0 0 0 0 0 0 66 0 0 0 0 0 0 0 0 0 0 0 0 0 0 0 0 46 0 0 0 0 0 0 0 0 0 0 0 0 0 0 0 0 0 0 0 34
hsa-miR-590-5p 0 0 0 0 2 0 0 0 0 0 40 26 0 0 8 0 0 0 22 0 0 0 50 0 7 0 0 13 17 0 18 0 0 0 0 0 0 0 0 0 0 0 0 0 0 0 46 0 0 0 0 24 0 0 0 0 0 0 30 0 0 0 0 0 0 0 0 0 0 0 0 0 0 24 0 2 0 0 20 0 0 0 0 0 0 0 2 0 0 0 152 196 306 50 0 0
hsa-miR-597-5p 0 0 0 0 50 0 0 0 0 0 0 0 0 0 0 0 0 0 0 0 0 0 0 0 0 0 0 0 0 0 0 0 0 0 0 0 0 0 0 0 0 0 0 0 0 0 0 0 0 0 0 0 0 0 0 0 0 0 134 0 0 0 0 0 0 0 0 0 0 0 0 0 0 0 0 0 0 0 0 0 0 0 0 0 0 0 0 2 0 0 0 0 28 26 0 0
hsa-miR-624-5p 0 0 0 0 64 0 0 2 0 38 0 154 0 0 22 2 0 0 14 2 0 2 0 2 0 0 0 26 37 0 10 0 13 0 0 0 0 34 0 85 0 0 0 6 0 66 0 24 0 12 0 0 0 0 2 2 14 0 264 46 0 0 0 0 0 0 0 0 36 0 0 48 0 24 2 2 52 0 86 0 0 56 16 0 0 38 2 2 0 22 184 46 538 38 72 41
hsa-miR-627-3p 0 0 0 0 10 32 62 60 0 62 0 106 2 0 44 0 0 16 4 0 0 0 18 0 0 1 20 0 0 10 20 0 14 0 0 0 0 15 0 0 0 0 0 0 0 0 2 38 0 0 0 20 0 0 0 88 16 0 42 0 122 2 0 0 0 36 0 0 42 22 0 12 0 8 84 0 0 0 44 0 0 32 0 2 0 0 74 0 0 0 54 78 0 58 19 40
hsa-miR-642b-3p 0 0 0 0 34 0 0 0 0 2 0 0 0 0 0 0 0 0 0 0 0 52 0 2 28 17 0 0 13 0 9 0 0 0 0 0 0 5 0 0 0 0 0 0 4 0 0 46 0 0 36 28 0 0 0 0 0 0 56 0 0 0 0 0 0 0 0 22 0 0 0 0 0 0 0 0 0 0 98 0 0 0 0 0 260 0 0 0 0 0 0 0 0 0 0 0
hsa-miR-642b-5p 0 0 0 0 56 0 0 0 0 0 0 64 0 0 0 0 0 0 0 2 0 8 0 0 15 0 0 0 0 17 0 0 0 4 0 4 0 0 0 0 0 0 0 0 34 0 2 84 0 0 0 2 0 0 0 0 0 0 108 0 0 0 0 0 28 0 0 0 0 0 0 0 0 0 66 0 0 0 0 0 34 0 0 0 0 18 0 0 0 0 2 70 50 0 0 0
hsa-miR-6509-5p 0 0 0 0 2 0 0 0 40 0 0 0 0 0 20 0 0 40 0 0 0 0 2 0 0 0 0 0 0 0 0 0 0 0 0 0 0 0 0 1 0 0 0 0 0 0 0 0 0 0 0 0 0 0 28 0 0 0 0 0 24 0 0 0 0 0 0 0 0 0 0 0 0 0 0 0 0 0 0 0 0 46 0 6 0 0 20 0 0 0 0 68 0 44 22 0
hsa-miR-6514-3p 0 0 0 0 14 0 0 0 0 0 0 0 0 0 0 0 0 0 0 0 0 0 0 0 0 0 0 0 0 1 0 0 0 0 0 0 4 0 0 0 0 0 0 0 0 0 0 0 0 0 0 6 0 0 0 18 0 0 0 0 0 0 0 0 0 0 0 0 0 12 0 0 0 0 0 6 0 0 0 0 0 0 0 0 0 8 0 0 0 0 0 0 0 0 0 0
hsa-miR-6515-5p 0 0 0 0 8 78 0 0 0 48 0 0 4 0 0 0 2 2 0 0 0 0 40 0 0 1 0 0 0 0 11 0 0 0 0 0 42 0 7 0 0 0 48 0 4 0 6 110 24 0 4 0 0 0 0 0 26 0 0 12 156 0 0 0 0 2 0 122 0 0 0 0 86 24 0 0 0 0 50 0 0 44 0 26 0 2 0 0 0 0 0 92 26 0 20 25
hsa-miR-6735-5p 0 0 0 0 92 0 0 0 0 0 0 18 0 0 0 0 0 0 0 0 0 0 0 0 0 0 0 0 0 0 20 0 0 1 0 0 0 0 0 0 52 0 0 0 0 0 0 0 0 48 0 40 0 0 0 0 0 0 2 0 18 0 0 50 0 42 0 0 0 0 0 0 0 50 0 0 0 0 0 18 0 16 0 0 0 0 0 0 0 0 26 0 80 0 0 0
hsa-miR-6749-3p 0 0 0 0 6 0 18 0 0 0 78 0 0 0 0 0 0 0 0 0 0 0 0 0 0 0 0 0 0 0 0 0 0 0 0 0 0 0 0 0 0 0 0 8 2 0 0 0 48 0 56 2 0 2 30 0 0 0 0 0 8 0 0 0 0 0 0 0 0 0 0 0 0 0 0 0 16 0 24 0 0 0 0 0 0 0 0 0 0 0 0 0 0 0 0 0
hsa-miR-6751-3p 0 0 0 0 60 0 0 16 0 0 18 0 0 0 0 0 0 0 2 0 2 0 24 0 0 0 0 0 0 0 0 0 0 0 0 0 0 0 0 0 0 0 0 0 0 0 0 0 0 8 0 0 52 0 0 0 4 0 46 0 0 0 0 0 0 18 0 0 0 0 0 0 0 0 0 0 0 0 6 0 0 22 0 32 28 26 74 0 0 0 0 54 22 0 0 0
hsa-miR-676-3p 0 0 0 0 4 58 0 0 0 0 0 0 32 0 92 0 0 0 0 0 0 0 66 46 0 0 0 0 6 0 26 0 0 0 6 0 0 0 14 0 0 43 0 0 0 0 0 0 26 10 52 8 0 0 0 14 0 0 0 0 140 22 0 0 0 0 0 0 0 0 0 66 0 54 0 0 28 0 0 0 6 22 0 0 0 0 0 0 0 56 0 0 0 0 0 0
hsa-miR-6761-3p 0 0 0 0 68 0 0 0 0 0 0 0 0 0 0 0 0 0 0 0 0 46 0 0 0 0 0 0 0 0 0 0 0 0 0 0 0 0 0 0 0 0 0 0 0 0 0 0 2 0 0 0 2 0 0 0 0 0 0 0 0 0 0 0 0 0 42 0 0 0 0 0 0 0 0 0 0 0 0 0 0 0 0 0 0 0 0 0 0 0 0 0 0 0 0 0
hsa-miR-6762-3p 0 0 0 0 14 34 0 0 0 0 0 0 0 0 0 0 0 0 0 0 0 0 0 0 0 0 0 0 0 0 16 0 0 0 0 0 0 0 0 0 0 0 0 0 0 0 0 0 0 0 0 16 0 0 0 0 0 0 0 0 6 0 0 0 0 0 0 0 0 0 0 0 0 10 0 0 0 0 0 0 0 0 0 0 0 0 0 0 0 0 40 0 0 14 0 25
hsa-miR-6763-5p 0 0 0 0 14 0 0 0 0 0 2 0 0 0 0 0 0 30 0 0 0 0 0 0 0 0 0 0 0 0 0 0 0 0 0 1 0 0 0 0 0 0 0 0 8 44 0 0 0 0 0 0 0 0 0 0 0 0 0 0 0 0 0 0 0 0 0 0 0 0 0 0 0 0 0 0 0 0 0 0 0 0 0 0 0 0 0 0 0 0 0 0 0 0 0 0
hsa-miR-6780a-5p 0 0 0 0 22 0 0 0 62 0 0 0 0 0 0 0 0 0 0 0 0 0 0 0 0 0 0 0 0 0 0 0 0 0 0 0 0 0 6 0 0 36 0 0 0 0 0 2 0 0 0 0 0 0 0 0 0 0 0 0 0 0 28 0 0 68 0 0 18 0 0 0 0 0 0 0 0 0 0 2 46 0 0 0 0 0 0 0 0 0 4 0 0 6 0 0
hsa-miR-6787-3p 0 0 0 0 4 0 0 0 0 0 0 0 0 0 0 0 0 0 0 0 0 0 0 0 0 0 0 0 0 0 0 0 0 0 0 0 0 0 0 0 0 0 0 0 0 0 0 0 0 0 0 0 0 0 0 0 0 0 0 0 0 0 0 0 0 0 0 0 0 0 0 0 0 0 0 0 0 0 0 0 0 0 0 0 0 0 0 0 0 0 0 0 0 0 0 0
hsa-miR-6791-3p 0 0 0 0 10 0 0 0 0 0 0 2 0 0 0 0 0 34 0 0 0 12 0 0 0 0 0 0 0 0 17 0 0 0 0 0 0 0 0 0 0 0 0 0 0 0 0 0 0 2 0 0 0 0 0 0 0 0 0 0 22 0 0 0 0 0 0 0 0 0 0 0 0 0 0 0 0 0 0 0 0 0 0 0 0 0 8 0 0 0 0 100 0 30 0 0
hsa-miR-6798-3p 0 0 0 0 2 0 0 0 0 46 22 0 0 0 0 0 0 0 0 0 0 0 0 0 0 0 0 1 0 0 0 0 0 0 3 0 0 0 9 0 0 0 0 0 0 0 0 0 12 0 0 38 0 0 0 0 0 80 74 2 16 0 0 0 0 0 0 0 0 0 0 0 0 6 0 0 0 0 0 0 0 0 0 0 0 0 0 0 0 0 34 20 0 0 2 19
hsa-miR-6805-5p 0 0 0 0 58 78 0 0 0 0 0 0 0 0 12 0 0 0 0 0 0 0 0 0 0 37 0 0 0 0 5 0 0 0 0 0 0 0 0 0 0 0 0 0 0 0 28 0 36 0 0 4 0 0 0 0 0 0 4 0 0 0 0 0 2 84 2 0 0 0 0 0 2 0 0 0 0 152 0 0 0 18 0 0 0 0 16 2 0 0 0 98 96 0 0 0
hsa-miR-6821-3p 0 0 0 0 18 0 0 0 0 0 0 0 12 2 10 0 0 0 0 0 0 0 0 0 0 0 0 0 0 0 0 0 0 0 0 0 0 0 0 0 0 0 0 0 0 0 0 0 22 0 0 0 0 0 0 0 0 0 0 0 36 0 0 0 36 0 0 0 0 0 0 0 0 2 0 0 0 0 0 0 0 0 0 0 0 0 0 0 0 0 0 0 0 0 0 0
hsa-miR-6821-5p 0 0 0 0 56 0 0 0 0 0 0 0 0 0 0 0 6 0 0 0 0 0 10 16 0 0 0 5 0 0 0 0 0 0 0 11 5 0 0 0 0 44 0 4 0 0 2 0 102 0 2 44 0 0 0 0 0 0 34 0 0 0 0 0 36 0 0 0 0 0 0 0 0 0 0 0 0 0 0 0 0 0 0 14 68 0 2 0 0 16 2 0 54 32 0 0
hsa-miR-6825-5p 0 0 0 0 28 0 0 0 0 0 30 0 0 0 38 0 0 0 0 0 0 0 0 0 0 0 0 0 0 0 0 0 0 0 0 0 0 0 0 0 0 0 0 0 0 0 0 0 0 0 0 0 0 0 0 0 0 0 0 0 0 0 0 0 2 0 0 0 0 0 0 0 0 0 0 0 0 0 0 0 0 0 0 0 0 0 0 0 0 8 0 2 0 0 0 0
hsa-miR-6840-3p 0 0 0 0 2 0 0 0 0 0 0 0 0 0 0 0 0 0 0 0 0 0 0 2 0 0 0 0 0 0 0 0 0 0 0 0 0 0 0 0 0 0 0 0 0 0 0 0 0 0 0 0 0 0 0 0 0 0 0 0 0 0 0 0 0 0 0 0 0 0 0 0 0 0 0 0 0 0 0 0 0 0 0 0 0 0 0 0 0 0 0 0 10 62 0 0
hsa-miR-6844 0 0 0 0 6 0 0 0 0 0 0 0 0 0 22 0 0 0 0 0 0 0 0 0 0 0 0 0 0 0 0 0 0 0 0 0 0 0 0 0 0 0 0 0 0 0 0 0 0 0 0 0 0 0 0 0 0 0 0 0 0 0 0 0 0 0 0 0 0 0 0 0 0 0 0 0 0 0 0 0 0 0 0 0 0 0 0 0 0 0 0 0 0 0 0 0
hsa-miR-6850-5p 0 0 0 0 2 0 0 0 0 0 0 0 0 0 18 0 0 0 2 0 0 0 0 0 8 0 0 0 0 3 0 0 0 0 0 0 0 0 0 0 0 0 0 22 0 0 0 0 26 0 0 0 0 0 0 0 2 0 0 0 0 0 0 0 128 0 0 0 0 0 0 0 0 0 0 0 0 0 0 0 0 0 0 46 0 0 46 0 0 0 0 0 0 0 0 0
hsa-miR-6851-5p 0 0 0 0 50 0 0 0 0 0 0 0 0 0 0 0 0 0 0 0 0 0 0 0 0 0 4 0 0 0 0 0 0 0 9 0 21 0 0 0 83 0 0 0 0 0 0 0 0 6 0 0 0 0 0 0 0 0 0 0 0 0 0 0 0 0 0 0 0 0 0 0 0 0 0 0 0 0 0 0 0 0 0 0 0 0 0 62 0 0 0 0 0 0 0 0
hsa-miR-6855-5p 0 0 0 0 98 0 0 0 0 0 0 0 0 0 0 0 0 0 8 0 0 0 0 0 0 0 0 0 0 0 0 0 0 0 0 0 0 0 0 0 0 0 0 0 0 0 0 0 0 0 0 0 0 0 0 0 0 0 0 0 0 0 0 0 0 0 0 0 0 0 0 0 0 0 0 0 0 0 0 0 0 0 0 0 0 0 2 0 0 0 0 0 0 0 0 0
hsa-miR-6861-3p 0 0 0 0 86 0 0 0 0 0 0 0 0 0 0 0 0 0 0 0 0 0 0 0 0 0 0 0 0 0 0 0 0 0 0 0 0 0 0 0 0 0 0 0 0 0 0 0 0 0 0 0 0 0 0 0 0 0 0 0 0 0 0 0 0 0 0 0 0 0 0 0 0 0 0 0 0 0 0 0 0 0 0 0 0 0 0 0 0 0 0 0 0 0 0 0
hsa-miR-6861-5p 0 0 0 0 50 0 0 0 0 0 52 42 68 0 0 0 0 0 0 98 0 0 0 0 0 0 0 0 0 0 0 0 0 0 0 0 4 0 0 0 0 0 0 0 0 0 18 0 0 0 0 0 0 0 0 0 0 0 0 0 0 0 0 0 0 0 0 0 0 0 0 0 0 0 0 0 0 0 0 0 0 0 0 0 0 0 0 0 0 0 0 0 0 0 0 0
hsa-miR-6866-5p 0 0 0 0 28 30 0 24 0 0 0 22 0 0 24 0 0 0 0 0 0 0 0 0 0 0 1 4 0 10 12 0 4 0 0 0 0 0 10 0 0 0 13 0 0 0 2 0 46 2 0 24 0 2 0 18 0 0 174 0 0 0 0 0 2 34 0 40 0 0 0 0 0 10 0 0 0 32 2 0 0 0 0 4 0 0 78 0 0 0 0 0 62 0 0 0
hsa-miR-6883-3p 0 0 0 0 22 0 0 0 0 0 0 0 0 0 0 0 0 0 0 0 0 0 0 0 0 0 0 6 0 0 0 0 0 0 0 0 0 0 13 0 0 0 0 0 0 0 0 0 0 0 0 28 0 22 0 0 0 0 40 0 0 0 0 0 0 0 0 0 0 0 0 0 0 0 0 0 0 0 18 0 0 0 0 0 0 24 2 58 0 0 0 0 0 0 0 0
hsa-miR-6891-3p 0 0 0 0 28 20 0 0 0 0 0 0 0 0 0 0 0 0 0 0 0 0 0 0 0 0 0 0 0 0 0 0 0 0 0 0 0 0 0 0 0 0 0 0 40 0 0 0 0 0 0 0 0 0 0 0 0 0 0 0 0 0 0 0 0 0 0 0 42 0 0 0 0 0 0 0 0 0 0 0 0 0 0 0 0 0 0 0 0 0 0 0 0 0 0 0
hsa-miR-6891-5p 0 0 0 0 94 0 0 8 0 0 28 0 0 0 2 0 0 0 18 0 0 8 0 0 2 0 4 0 0 0 0 0 0 4 0 0 22 0 0 0 0 0 4 0 0 0 0 2 110 0 0 42 0 0 2 0 4 0 128 0 0 0 0 0 0 2 0 0 0 0 0 0 0 0 0 0 0 0 0 0 0 0 0 2 0 0 0 0 0 0 76 0 60 18 4 0
hsa-miR-7151-3p 0 0 0 0 22 0 40 0 0 0 0 0 10 0 0 0 0 0 8 0 0 0 0 0 0 0 0 0 1 0 0 0 0 0 0 0 5 0 0 0 0 0 0 0 0 0 0 0 0 0 0 0 0 0 0 0 0 0 0 0 0 0 0 0 0 0 0 0 0 0 0 0 0 0 2 0 0 0 0 0 0 0 0 0 0 0 2 22 0 0 4 140 2 6 0 0
hsa-miR-7151-5p 0 0 0 0 6 0 0 0 0 0 0 0 0 0 0 0 0 0 40 0 0 0 0 28 0 4 0 1 0 0 0 0 0 1 16 0 25 0 48 0 0 0 17 0 0 2 26 36 64 0 0 60 0 0 0 0 0 0 0 0 0 0 0 0 0 0 0 0 16 50 0 0 0 0 0 0 0 0 0 0 0 0 26 0 0 0 0 8 0 0 12 22 58 0 0 0
hsa-miR-765 0 0 0 0 46 0 0 0 0 0 0 0 0 0 0 0 0 0 0 0 0 0 0 0 0 0 0 0 0 0 0 0 0 0 0 0 0 0 0 0 0 0 0 0 0 0 0 0 0 0 0 0 0 0 0 0 0 0 0 0 46 0 0 0 0 0 0 0 0 0 0 0 0 0 0 0 0 0 0 0 0 0 0 0 0 0 0 0 0 0 0 0 0 0 0 0
hsa-miR-7851-3p 0 0 0 0 64 0 0 0 0 0 0 0 0 0 0 0 0 0 0 0 0 0 0 0 0 0 0 0 0 0 0 0 0 0 0 0 0 0 0 0 0 0 0 0 0 0 0 0 0 16 0 0 0 0 0 0 0 0 0 0 0 0 0 0 0 0 0 0 0 0 0 0 0 0 0 54 0 0 0 0 0 0 0 0 0 0 0 0 0 0 0 36 28 0 0 0
hsa-miR-802 0 0 0 0 18 0 0 0 0 0 78 0 0 0 0 0 0 0 0 0 0 0 0 0 0 0 3 0 0 0 0 0 0 0 0 0 0 0 0 0 0 0 0 0 0 0 0 0 0 0 0 0 0 0 0 0 0 0 0 12 0 0 0 0 0 0 0 0 0 0 0 0 0 0 0 0 24 0 0 0 0 0 0 0 0 0 0 0 0 26 0 0 34 0 0 0
hsa-miR-92b-5p 0 0 0 0 88 0 0 0 0 48 0 42 0 10 16 0 0 0 0 2 0 2 0 22 19 0 4 0 0 0 12 0 0 14 10 0 56 0 38 0 67 1 0 0 24 0 16 2 56 62 0 38 0 0 0 0 10 0 0 0 14 0 0 16 26 0 0 0 40 0 0 0 0 0 86 0 0 96 0 0 2 2 0 30 0 0 52 774 0 4 498 820 552 176 115 47
hsa-miR-1233-3p 0 0 0 0 0 2 0 0 0 0 0 0 0 0 0 0 0 0 2 0 0 0 0 0 0 0 0 0 0 0 0 0 0 0 0 0 0 0 0 0 0 0 0 0 0 0 0 0 0 0 0 0 0 0 0 0 0 0 0 0 0 0 0 0 0 0 0 0 0 0 0 0 0 0 0 0 0 0 0 0 0 0 0 0 0 0 0 0 0 0 0 0 0 0 14 0
hsa-miR-1255b-5p 0 0 0 0 0 2 0 0 0 0 0 0 0 0 0 2 0 0 0 0 0 0 0 0 0 0 0 2 0 25 0 0 0 0 0 0 0 0 0 0 0 0 0 0 0 0 0 0 20 0 0 0 0 0 0 0 0 0 0 0 0 0 0 0 0 0 0 0 0 0 0 0 0 0 0 0 0 0 0 0 0 0 0 0 0 0 0 40 0 0 102 0 0 2 51 0
hsa-miR-1257 0 0 0 0 0 72 0 0 0 0 0 0 0 0 0 0 0 0 0 0 0 0 0 0 0 0 0 0 0 0 0 0 0 0 0 0 0 0 0 0 0 0 0 0 0 0 0 0 0 0 0 0 0 0 0 0 0 0 0 0 0 0 0 0 0 0 0 0 0 0 0 0 0 0 0 0 0 0 0 0 0 0 0 0 0 0 0 0 0 0 0 0 40 0 0 0
hsa-miR-1288-3p 0 0 0 0 0 58 0 0 0 0 0 0 0 0 40 0 0 0 0 0 0 0 0 0 0 0 0 0 0 0 20 0 0 0 0 0 0 0 0 0 0 0 0 0 0 0 0 0 0 0 0 0 0 0 0 0 0 0 0 0 2 0 0 0 0 0 0 0 0 0 0 0 0 0 0 0 0 0 0 2 0 0 0 0 0 22 2 0 0 0 106 0 80 0 43 39
hsa-miR-181b-2-3p 0 0 0 0 0 40 2 0 0 0 0 0 0 0 0 0 0 0 0 0 0 0 0 0 0 0 0 0 0 0 0 0 0 0 0 0 0 0 6 0 0 0 0 0 0 34 20 0 0 0 0 36 0 0 0 0 8 0 36 0 0 0 0 0 0 0 0 0 0 0 0 0 0 0 0 0 0 0 0 0 0 0 0 0 0 0 0 0 0 0 0 0 0 0 0 0
hsa-miR-2115-5p 0 0 0 0 0 2 0 0 0 58 0 48 0 0 0 0 18 0 0 0 0 0 0 0 0 0 0 0 23 0 0 0 0 0 0 0 0 0 0 0 0 0 17 12 0 34 14 0 44 24 0 0 0 0 0 0 0 0 0 0 0 0 0 0 0 8 0 0 2 0 0 0 0 0 0 0 2 0 0 0 0 12 0 4 0 2 0 0 0 0 0 0 0 0 0 0
hsa-miR-212-5p 0 0 0 0 0 2 2 0 104 40 0 118 0 0 22 0 0 0 14 0 0 32 46 14 0 8 6 28 10 0 0 0 8 4 3 0 22 101 0 0 11 0 0 0 0 0 0 52 0 0 0 2 0 0 2 0 76 2 72 0 42 0 0 0 60 34 0 0 100 20 0 0 0 628 78 0 0 0 46 0 40 0 42 0 0 74 70 0 0 0 134 282 168 82 43 124
hsa-miR-214-5p 0 0 0 0 0 40 0 0 0 0 0 104 0 0 12 0 0 0 2 0 0 0 0 52 0 1 0 0 0 0 0 0 0 0 0 0 0 0 0 0 0 0 0 0 0 0 0 0 0 0 0 0 0 4 0 0 24 0 10 0 0 0 0 0 0 0 0 0 0 0 0 0 0 10 0 0 0 0 0 0 14 0 0 0 0 0 0 0 0 0 0 0 0 0 0 0
hsa-miR-3065-5p 0 0 0 0 0 12 0 0 0 0 0 0 0 0 0 0 10 0 8 0 0 0 0 0 0 0 0 7 0 0 14 0 0 0 0 7 0 0 0 0 0 0 4 0 0 0 0 0 0 18 0 0 0 0 0 14 18 0 48 0 0 0 0 0 0 0 0 0 0 0 0 0 0 0 0 18 26 0 0 0 0 8 0 0 0 0 0 48 0 0 0 0 0 0 18 0
hsa-miR-3139 0 0 0 0 0 2 0 0 0 0 0 0 0 0 2 0 0 0 0 0 0 0 0 0 0 0 0 0 0 0 0 0 0 0 0 0 0 0 0 0 0 1 0 0 0 0 0 0 0 20 0 0 0 0 0 0 0 0 0 0 0 58 0 0 0 0 0 0 0 0 0 0 0 4 0 0 0 0 0 0 0 0 0 0 0 252 18 0 0 0 6 98 140 90 0 0
hsa-miR-3145-3p 0 0 0 0 0 2 0 0 0 0 0 0 0 0 0 0 0 0 0 0 0 0 0 0 0 0 0 0 0 0 0 0 0 0 0 0 0 0 0 0 0 0 0 0 0 0 0 0 0 0 0 0 0 0 0 0 0 0 0 0 0 0 0 0 0 0 0 0 0 0 0 0 0 0 0 0 0 0 0 0 0 0 0 0 0 0 0 0 0 0 16 0 18 10 0 0
hsa-miR-3186-5p 0 0 0 0 0 34 0 0 0 0 0 0 0 0 0 0 0 0 0 0 0 0 0 0 0 0 0 0 0 0 0 0 0 0 0 0 0 0 0 0 0 0 0 0 0 0 0 0 0 0 0 0 0 0 0 0 0 0 0 0 0 0 0 0 0 0 0 0 0 0 0 0 0 0 0 0 0 0 0 0 0 0 0 0 0 0 2 0 0 0 0 0 0 0 0 0
hsa-miR-3200-5p 0 0 0 0 0 2 0 0 0 0 0 86 0 0 2 0 0 0 0 0 0 0 0 0 0 0 0 0 0 0 36 0 0 0 0 0 0 0 0 17 0 0 0 0 38 0 0 0 0 0 0 2 0 2 0 0 0 0 0 0 0 0 0 0 52 0 0 0 0 0 0 0 0 14 0 0 0 0 0 0 0 0 0 0 0 0 0 0 0 0 132 166 484 42 37 25
hsa-miR-3691-5p 0 0 0 0 0 2 50 0 0 0 0 0 0 0 34 0 0 0 0 0 0 0 0 0 0 0 0 0 0 0 0 0 0 0 0 0 0 0 0 0 0 0 0 0 0 0 0 0 0 14 0 0 0 0 0 0 0 0 44 0 34 0 0 0 0 0 0 0 0 0 0 28 0 0 0 0 22 0 0 0 0 0 0 0 2 0 12 36 0 0 58 0 128 206 24 68
hsa-miR-378f 0 0 0 0 0 2 0 0 2 0 2 8 0 0 0 0 2 2 0 0 0 0 0 2 0 0 0 0 0 0 0 0 0 0 0 0 0 0 0 0 0 0 1 0 0 0 0 0 0 0 0 0 0 2 2 0 0 0 4 0 0 0 0 0 0 0 0 0 0 0 0 0 0 10 2 4 0 0 0 0 0 0 0 2 0 0 8 0 0 0 16 202 32 32 0 76
hsa-miR-3922-3p 0 0 0 0 0 70 0 0 0 6 0 70 20 0 2 0 0 0 0 0 0 0 0 0 0 0 0 0 0 0 0 0 0 0 0 0 0 0 7 0 0 0 0 0 0 0 0 0 0 0 0 0 0 2 0 0 0 0 0 0 0 0 0 0 0 0 0 0 0 0 0 0 0 0 0 0 0 0 0 0 0 0 0 0 0 0 2 0 0 0 126 186 30 22 10 79
hsa-miR-3938 0 0 0 0 0 34 0 0 0 0 0 1290 0 0 0 30 0 0 0 0 0 0 78 36 0 0 0 0 18 0 60 0 0 0 0 0 2 0 0 0 0 0 54 0 4 0 44 0 0 12 0 0 0 0 0 0 4 0 122 8 0 0 0 0 0 0 0 0 0 0 0 0 0 0 0 0 0 0 0 0 0 0 4 42 0 270 0 0 0 0 0 0 0 0 0 0
hsa-miR-4453 0 0 0 0 0 56 0 0 0 0 0 0 0 0 0 0 0 0 0 0 0 0 0 0 0 0 0 0 0 0 0 0 0 0 0 0 0 0 0 0 0 0 0 0 0 0 0 0 0 0 0 14 0 0 0 0 0 0 0 0 0 0 0 0 0 0 0 0 0 0 0 0 0 0 0 0 0 0 0 0 0 0 0 0 0 0 0 0 0 0 36 0 6 0 0 0
hsa-miR-4482-3p 0 0 0 0 0 38 0 0 0 0 0 0 0 0 0 0 0 0 0 76 0 0 0 0 0 0 0 0 0 0 0 0 0 0 0 0 0 0 0 0 0 0 0 0 0 0 0 0 0 0 0 0 0 0 0 0 0 0 0 0 0 0 0 0 0 0 0 0 0 0 0 0 0 0 0 0 0 0 0 0 0 0 0 0 0 0 0 0 0 0 0 0 0 0 0 0
hsa-miR-4513 0 0 0 0 0 36 0 0 0 0 0 0 0 0 0 0 0 0 0 0 0 0 0 0 0 0 0 0 0 0 0 0 0 0 0 0 0 0 17 0 0 0 0 0 0 16 0 0 22 0 0 32 0 0 0 0 0 0 0 0 0 0 0 0 0 0 0 0 0 0 0 0 0 18 0 0 0 0 0 0 0 0 0 0 0 0 30 28 0 0 0 0 0 0 0 0
hsa-miR-4522 0 0 0 0 0 8 0 0 0 0 0 0 0 0 0 0 0 0 0 0 0 0 0 0 0 0 0 0 0 0 0 0 0 0 0 0 0 0 0 0 0 0 0 0 0 0 0 0 36 0 0 0 0 0 0 0 0 0 0 0 0 0 0 0 0 0 0 0 0 0 0 0 0 0 0 0 0 0 0 0 0 0 0 0 0 0 14 0 0 0 0 0 0 0 0 0
hsa-miR-4690-5p 0 0 0 0 0 2 0 0 0 0 0 0 0 0 0 0 0 2 0 0 0 0 0 0 0 0 0 0 0 0 0 0 0 0 0 0 0 0 0 0 0 0 0 0 0 0 0 0 0 0 0 0 0 0 0 0 0 0 0 0 0 0 0 0 0 0 0 0 0 0 0 0 0 0 0 0 0 0 0 0 102 0 0 0 84 0 0 0 0 0 8 0 180 10 12 24
hsa-miR-4726-5p 0 0 0 0 0 44 0 0 2 0 0 0 0 0 0 0 0 0 0 0 0 0 0 0 0 0 0 0 0 0 0 0 0 0 0 0 0 0 3 0 0 0 0 0 0 0 0 0 0 0 0 0 0 0 0 0 0 0 0 0 0 0 0 0 0 0 0 0 0 0 0 0 0 0 0 0 0 0 0 0 0 0 0 0 0 0 0 0 0 0 0 46 0 50 19 31
hsa-miR-4779 0 0 0 0 0 38 0 0 0 0 0 0 0 0 0 0 0 0 0 0 0 0 0 0 0 0 0 0 0 0 0 0 0 0 0 0 0 0 0 0 0 0 0 0 0 62 0 0 0 0 0 0 0 0 0 0 0 0 0 0 0 0 48 0 0 0 0 0 0 0 0 0 0 0 0 0 0 0 0 0 0 0 0 0 0 30 0 0 0 0 0 0 0 0 0 0
hsa-miR-504-3p 0 0 0 0 0 2 0 0 0 0 4 0 0 0 0 0 0 0 0 0 0 0 0 0 0 0 4 0 0 12 0 0 0 0 0 0 0 0 0 0 0 0 0 0 0 0 0 0 0 28 0 66 14 0 0 0 0 0 0 0 0 0 0 0 0 0 0 2 0 0 0 0 0 0 0 0 0 0 0 0 0 0 4 0 0 0 58 0 0 0 0 0 16 0 0 0
hsa-miR-510-3p 0 0 0 0 0 46 0 0 0 0 0 0 0 0 0 0 0 0 0 0 0 0 0 0 0 0 0 0 0 0 0 0 0 0 0 0 0 0 0 0 0 0 0 0 0 0 0 0 0 0 0 0 0 0 0 0 0 0 0 0 0 0 0 0 0 0 0 0 0 0 0 0 0 0 0 0 0 0 0 0 0 0 0 0 0 0 0 0 0 0 0 0 0 0 0 0
hsa-miR-511-5p 0 0 0 0 0 42 88 156 0 18 0 34 0 0 2 0 20 0 10 0 44 0 48 144 0 0 14 0 11 0 0 0 0 0 30 0 23 25 22 20 0 22 0 0 0 0 0 166 16 0 0 20 8 92 66 32 38 0 2 36 0 0 82 0 0 2 0 0 36 0 0 0 0 0 38 6 0 0 0 0 2 2 0 4 48 10 36 0 34 0 0 0 0 0 0 0
hsa-miR-516a-5p 0 0 0 0 0 236 0 0 0 0 0 0 0 0 0 0 0 0 0 0 0 0 0 0 0 0 0 0 0 0 0 0 0 0 0 0 16 0 0 0 0 0 0 0 0 0 0 0 0 0 0 0 0 0 0 0 0 0 0 0 0 0 0 0 0 0 0 0 0 0 0 0 0 0 0 0 0 0 0 0 0 0 0 0 0 0 4 0 0 0 0 0 34 0 0 0
hsa-miR-516b-5p 0 0 0 0 0 8 0 0 0 0 0 0 0 0 2 0 0 0 0 0 0 0 0 0 0 0 0 0 0 0 0 0 0 0 0 0 0 0 0 0 0 0 0 0 0 0 0 0 0 0 0 48 0 0 0 0 0 0 0 0 2 0 0 0 0 0 0 0 0 0 0 0 0 0 0 0 0 0 0 0 0 0 0 0 0 0 0 0 0 0 144 0 92 0 79 2
hsa-miR-518c-3p 0 0 0 0 0 352 0 0 0 0 0 0 0 0 0 0 0 0 0 0 0 0 0 0 0 0 0 0 0 0 0 0 0 0 0 0 0 0 0 0 0 0 0 0 6 0 0 0 0 0 0 8 0 0 0 0 0 0 0 0 0 0 0 0 0 0 0 0 0 0 0 0 0 0 0 0 0 0 0 0 0 0 0 0 0 0 0 0 0 0 0 0 0 0 0 0
hsa-miR-518e-3p 0 0 0 0 0 10 0 0 0 0 0 0 0 0 0 0 0 0 0 0 0 0 0 0 0 0 0 0 0 0 0 0 0 0 0 0 7 0 0 0 0 0 0 0 0 0 0 0 0 0 0 12 0 0 0 0 0 0 0 0 0 0 0 0 0 0 0 0 0 0 0 0 0 0 0 0 0 0 0 0 0 0 0 0 0 0 0 0 0 0 0 0 0 0 0 0
hsa-miR-518f-3p 0 0 0 0 0 180 0 0 0 0 0 0 0 0 0 0 0 0 0 0 0 0 0 0 0 0 0 0 0 0 0 0 0 0 0 0 5 0 0 0 0 0 0 0 6 0 0 0 0 0 0 18 0 0 0 0 0 0 0 0 0 0 0 0 0 0 0 0 0 0 0 0 0 0 0 0 0 0 0 0 0 0 0 0 0 0 16 0 0 0 0 0 0 0 0 0
hsa-miR-519a-3p 0 0 0 0 0 96 0 0 0 0 0 2 0 0 0 0 0 0 0 0 0 0 2 0 0 0 0 0 0 0 3 0 0 0 0 0 17 0 0 0 0 0 0 0 0 0 0 0 0 0 0 92 0 0 0 2 0 0 0 0 0 0 0 0 0 0 0 0 0 0 0 0 0 0 0 0 0 0 0 0 0 0 0 0 0 0 78 0 0 0 0 0 0 0 0 0
hsa-miR-519b-3p 0 0 0 0 0 134 0 0 0 0 0 2 0 0 0 0 0 0 0 0 0 0 2 0 0 0 0 0 0 0 3 0 0 0 0 0 17 0 0 0 0 0 0 0 0 0 0 0 0 0 0 50 0 0 0 2 0 0 0 0 0 0 0 0 0 0 0 0 0 0 0 0 0 0 0 0 0 0 0 0 0 0 16 0 0 0 0 0 0 0 0 0 34 0 0 0
hsa-miR-521 0 0 0 0 0 100 0 0 0 0 0 0 0 0 0 0 0 0 0 0 0 0 0 0 0 0 0 0 0 0 0 0 0 0 0 0 0 0 0 0 0 0 0 0 0 0 0 0 0 0 0 8 0 0 0 0 0 0 0 0 0 0 0 0 0 0 0 0 0 0 0 0 0 0 0 0 0 0 0 0 0 0 0 0 0 0 8 0 0 0 0 0 0 0 0 0
hsa-miR-522-3p 0 0 0 0 0 444 0 0 2 0 0 2 0 0 2 0 0 0 0 0 0 0 0 0 1 0 0 0 8 0 0 0 1 0 0 0 7 0 0 1 0 0 0 0 0 0 0 0 0 0 0 274 0 0 0 0 0 0 0 0 0 2 0 0 0 0 0 0 0 0 0 0 0 4 0 26 0 0 0 2 0 0 0 0 0 0 34 14 0 0 0 0 70 2 130 0
hsa-miR-548ag 0 0 0 0 0 66 0 0 0 0 0 2 0 0 0 0 0 0 8 18 0 0 0 0 0 0 0 4 0 0 0 0 0 0 0 0 0 0 0 0 0 0 0 0 0 0 0 0 0 0 0 10 0 0 0 0 0 0 0 0 0 0 0 0 0 0 0 0 0 0 0 0 0 0 0 0 0 0 0 0 0 0 0 0 0 0 0 0 0 0 110 278 74 82 0 0
hsa-miR-548ar-3p 0 0 0 0 0 8 0 0 0 0 0 0 0 0 0 0 0 0 0 0 0 0 12 0 0 0 0 0 0 0 0 0 0 0 0 0 0 0 0 4 0 0 0 0 0 0 0 0 0 2 0 0 0 4 0 0 0 0 2 0 0 0 0 0 0 0 0 0 22 0 0 0 0 14 0 0 0 0 0 2 0 0 0 28 0 0 26 0 0 0 0 216 178 44 0 15
hsa-miR-548l 0 0 0 0 0 2 0 0 46 0 0 132 0 0 0 0 0 0 2 2 0 0 34 2 15 0 0 5 0 17 0 0 0 0 0 0 0 0 0 0 0 0 0 0 12 0 0 0 0 0 0 0 0 0 18 20 0 0 30 0 0 0 0 0 0 24 0 0 4 0 0 0 0 0 50 16 0 0 0 0 0 0 0 0 0 58 2 0 0 0 196 232 220 8 58 19
hsa-miR-556-3p 0 0 0 0 0 34 0 0 0 0 0 64 0 0 12 0 16 0 6 0 0 0 0 0 0 5 9 0 8 0 33 8 0 0 0 0 0 2 0 52 0 0 1 8 0 22 4 0 2 0 0 56 2 0 0 12 0 0 0 28 0 0 2 0 2 0 2 0 106 0 0 34 0 0 46 14 0 0 0 0 0 62 8 0 0 32 0 18 46 4 0 0 0 0 0 0
hsa-miR-5579-5p 0 0 0 0 0 40 0 0 0 0 0 0 0 0 0 0 0 0 0 0 0 0 0 0 0 0 0 0 0 0 0 0 0 0 0 0 0 0 0 0 0 0 0 0 0 0 0 0 0 0 0 0 0 0 0 0 0 0 0 0 0 0 0 0 0 0 2 0 0 0 0 0 0 0 0 0 0 0 0 0 0 18 0 0 0 0 0 0 0 0 0 0 0 0 0 0
hsa-miR-5687 0 0 0 0 0 2 0 0 0 0 0 0 0 0 0 0 0 0 0 0 0 0 0 0 0 0 0 0 0 0 0 0 0 0 0 0 0 0 0 0 0 0 0 0 0 0 0 0 0 0 0 0 0 0 30 0 0 0 0 0 0 0 0 0 0 0 0 0 0 0 0 0 0 0 0 0 0 0 0 0 0 0 0 0 0 0 0 0 0 0 0 0 0 0 0 0
hsa-miR-592 0 0 0 0 0 86 0 0 0 0 0 0 0 0 10 0 0 0 6 0 0 0 0 0 0 0 0 0 24 0 23 0 0 0 1 0 68 0 21 0 0 0 0 0 0 0 0 0 0 0 0 32 0 0 34 0 0 0 0 0 0 0 0 0 0 0 0 0 0 0 0 0 0 0 0 0 0 0 32 0 0 0 0 0 0 0 0 0 0 0 0 2 6 36 0 0
hsa-miR-6502-5p 0 0 0 0 0 10 0 0 0 0 0 0 0 0 6 0 0 2 0 0 0 0 0 0 0 0 0 0 0 0 0 17 0 0 0 0 2 0 0 0 0 0 0 0 0 10 0 0 0 0 0 0 0 0 0 0 0 0 0 0 0 0 0 0 0 0 0 0 0 0 0 0 0 0 28 0 0 0 74 0 0 0 0 0 0 0 0 0 0 0 0 0 0 0 0 0
hsa-miR-6751-5p 0 0 0 0 0 40 0 0 0 0 0 0 0 0 0 0 0 0 0 0 0 0 0 0 0 0 0 1 0 0 0 0 0 18 0 2 0 0 0 0 0 0 0 0 0 0 0 0 0 0 0 0 0 0 0 0 0 0 0 0 0 0 0 0 0 0 0 0 0 0 0 0 0 0 0 0 0 0 0 0 64 0 0 0 0 26 2 0 0 0 0 26 88 0 18 0
hsa-miR-6790-5p 0 0 0 0 0 10 0 0 0 0 0 0 0 0 0 0 0 0 0 0 0 0 0 0 0 0 0 0 0 0 0 0 0 0 0 0 0 0 0 0 0 0 0 0 0 0 0 0 0 2 0 0 0 0 0 0 6 0 0 0 0 0 0 0 0 0 0 0 0 0 0 0 0 0 0 0 0 0 0 0 0 0 0 0 0 0 0 0 12 0 0 0 0 0 0 0
hsa-miR-6793-5p 0 0 0 0 0 2 0 0 0 0 26 0 0 0 24 0 0 0 0 0 0 0 0 0 0 0 0 0 0 0 0 0 0 0 0 0 0 0 0 0 12 0 0 0 0 0 0 0 0 0 0 70 0 0 0 0 0 0 0 0 38 0 0 22 2 54 104 0 0 0 0 0 0 0 0 0 0 0 0 0 0 0 0 2 0 0 0 50 0 0 0 0 2 0 47 0
hsa-miR-6838-3p 0 0 0 0 0 30 0 0 0 0 0 0 0 0 18 0 0 0 2 0 0 0 0 0 0 0 0 7 5 0 20 0 0 0 0 0 0 0 0 0 4 27 0 0 0 0 0 0 0 16 0 0 0 0 0 52 0 0 48 0 4 0 0 0 0 0 0 0 0 0 0 0 0 0 0 0 0 0 30 86 0 14 0 0 0 10 18 0 0 0 0 0 0 0 0 0
hsa-miR-6853-3p 0 0 0 0 0 2 84 0 0 0 0 0 0 0 0 0 0 0 0 0 0 0 0 0 0 0 0 0 0 0 4 0 0 0 0 0 0 0 0 0 0 0 0 0 0 0 0 0 14 0 0 0 0 0 0 0 0 0 0 0 0 0 0 0 0 0 0 0 0 0 0 0 0 8 0 0 0 0 10 0 0 14 0 18 0 0 0 0 2 0 0 0 0 0 0 0
hsa-miR-6866-3p 0 0 0 0 0 90 0 70 0 0 0 0 0 0 0 0 0 0 0 0 0 0 0 0 0 0 0 4 0 0 0 0 0 0 0 0 0 0 0 0 0 0 0 0 0 0 0 0 0 0 0 0 0 0 0 0 0 0 0 0 0 0 0 0 0 0 0 0 0 0 0 0 0 10 0 0 0 0 0 0 0 0 0 8 0 0 16 0 0 0 0 0 0 12 0 0
hsa-miR-6877-3p 0 0 0 0 0 12 0 0 0 0 0 0 0 0 0 0 0 0 0 0 0 0 0 0 0 0 0 0 0 0 0 0 0 0 0 0 0 0 0 0 0 0 0 0 0 0 0 0 0 0 0 0 0 0 0 0 0 0 0 0 0 0 0 0 0 0 0 0 0 0 0 0 0 0 0 0 0 0 0 0 0 0 0 0 0 0 0 0 0 0 0 0 0 0 0 0
hsa-miR-6881-3p 0 0 0 0 0 2 106 0 0 0 0 0 0 0 0 0 0 0 0 0 0 0 0 0 0 0 0 0 0 0 0 0 0 0 0 0 0 0 0 0 0 0 0 0 0 0 0 0 0 0 0 14 0 0 0 0 0 0 0 0 0 0 0 0 8 0 0 0 0 0 0 0 0 0 24 0 0 0 0 0 0 0 0 0 0 0 0 0 0 0 0 0 0 0 0 0
hsa-miR-6882-3p 0 0 0 0 0 44 0 0 0 0 0 0 0 0 0 0 0 0 0 0 0 0 0 0 0 0 0 0 0 0 0 0 0 0 0 4 0 0 0 0 0 0 0 0 0 0 0 0 0 0 0 0 0 0 0 0 0 0 0 0 0 0 0 0 0 0 0 0 0 0 0 0 0 0 0 0 0 0 0 0 0 0 0 0 0 0 12 0 0 0 0 0 0 0 0 0
hsa-miR-6893-3p 0 0 0 0 0 2 0 0 0 0 0 0 0 0 8 0 0 0 0 0 0 0 0 0 0 0 0 0 0 0 0 0 0 0 0 0 0 0 0 0 0 0 0 0 0 0 0 0 0 0 0 0 0 0 0 0 0 0 0 0 0 0 0 0 0 0 0 0 0 0 0 0 0 0 0 0 0 0 0 0 0 0 0 0 0 0 0 0 0 0 0 0 0 0 0 0
hsa-miR-6894-3p 0 0 0 0 0 2 0 30 0 0 0 0 0 0 0 0 0 54 0 0 0 0 0 0 0 0 0 0 0 5 0 0 0 0 0 0 0 0 0 0 0 0 0 0 0 0 4 0 12 0 0 4 0 0 0 0 0 0 50 0 12 0 0 0 6 0 0 0 0 0 0 0 0 0 0 0 0 0 0 0 0 0 0 0 0 0 0 0 0 0 0 0 24 22 0 0
hsa-miR-7110-3p 0 0 0 0 0 2 0 0 0 0 0 0 0 0 0 0 0 0 2 0 76 0 142 0 0 0 0 0 0 17 21 0 0 2 0 4 0 0 0 0 0 0 0 0 0 0 0 0 0 22 0 0 0 0 4 0 10 0 0 0 0 0 0 0 0 0 0 0 0 0 0 24 0 0 0 0 0 0 0 0 0 0 0 0 2 0 2 0 0 0 0 0 36 0 0 18
hsa-miR-769-3p 0 0 0 0 0 2 8 0 2 48 18 32 0 2 14 46 0 118 0 0 0 0 0 28 0 0 9 2 34 0 14 0 0 2 13 8 0 19 0 0 0 29 0 0 8 0 40 2 50 120 2 68 0 0 0 0 32 0 44 0 0 0 2 0 0 80 2 2 0 0 0 0 0 32 28 8 0 0 0 2 0 0 0 28 0 76 2 0 0 6 342 230 624 466 104 164
hsa-miR-7705 0 0 0 0 0 36 0 0 82 0 0 6 0 0 38 0 0 0 26 6 0 22 32 2 29 5 0 2 0 63 6 0 6 0 12 0 42 58 0 0 0 33 0 60 20 0 0 0 154 0 0 20 36 0 0 0 20 44 146 16 0 0 0 0 52 70 0 0 0 8 0 60 0 4 90 0 4 0 0 0 0 0 0 128 0 46 160 0 0 22 0 0 32 16 0 0
hsa-miR-7850-5p 0 0 0 0 0 42 0 0 0 0 0 0 0 0 0 88 0 0 0 0 0 0 0 0 0 0 0 0 0 0 0 0 0 0 0 0 0 0 0 0 0 0 0 0 0 0 0 16 0 0 0 0 0 0 0 0 0 0 0 0 0 0 0 0 0 0 0 0 0 0 0 0 0 0 0 0 0 0 0 0 0 0 0 0 0 68 0 0 0 0 4 0 0 0 0 0
hsa-miR-922 0 0 0 0 0 2 0 0 0 0 0 0 0 0 0 0 0 0 0 0 0 0 0 0 0 0 0 0 0 0 0 0 0 0 0 0 0 0 24 0 0 0 0 0 0 0 0 0 62 0 0 0 0 0 0 0 0 0 0 0 20 0 0 0 0 0 0 0 0 0 0 0 0 0 0 0 0 0 0 0 0 0 0 84 0 0 58 0 0 0 0 0 0 0 0 0
hsa-miR-1185-1-3p 0 0 0 0 0 0 34 0 72 0 0 106 10 0 0 0 26 0 0 0 0 0 182 0 0 0 0 0 2 0 46 0 0 0 0 2 0 22 0 0 0 0 0 2 2 0 0 0 0 2 0 166 0 0 0 24 0 42 2 0 0 0 0 0 0 112 0 0 0 0 0 26 0 0 128 0 0 0 0 0 0 40 12 0 0 98 0 0 0 0 0 0 0 0 0 0
hsa-miR-1262 0 0 0 0 0 0 26 0 0 0 0 0 0 0 0 0 0 0 0 0 0 0 0 0 0 0 0 0 0 0 0 0 0 2 0 0 1 15 0 0 0 0 0 0 0 0 0 0 0 2 0 0 0 0 0 18 0 0 2 0 0 0 0 0 0 0 0 32 0 0 0 0 0 0 0 24 16 0 0 0 0 0 0 30 2 0 0 0 0 0 62 98 30 38 54 27
hsa-miR-3150a-3p 0 0 0 0 0 0 86 0 0 0 0 0 0 0 2 0 0 0 0 0 0 0 0 0 0 0 0 0 0 0 0 0 0 0 0 0 0 0 0 0 0 0 0 0 0 0 0 0 0 0 0 0 0 0 0 0 0 0 0 0 0 0 0 0 0 0 0 0 0 0 0 0 0 0 0 0 0 0 0 0 0 0 0 0 0 0 0 0 0 0 40 0 8 0 98 0
hsa-miR-3619-3p 0 0 0 0 0 0 2 0 0 0 0 0 0 0 0 0 0 0 0 0 0 0 0 0 2 0 0 0 0 0 0 0 0 0 0 0 0 0 0 0 0 0 0 0 0 0 0 0 0 0 0 34 0 0 0 0 0 0 0 0 0 0 0 0 0 0 0 0 0 0 0 0 0 0 0 0 0 0 0 0 0 0 0 0 0 0 0 0 0 0 0 0 0 0 0 0
hsa-miR-371b-5p 0 0 0 0 0 0 52 0 0 38 0 0 0 0 0 0 0 0 6 0 0 0 56 0 0 0 0 0 0 0 26 0 11 0 7 18 0 0 0 0 0 18 0 0 0 26 0 0 0 0 70 2 0 0 0 48 56 52 90 0 0 18 0 0 0 0 52 2 0 0 0 0 0 0 0 16 0 0 0 0 0 0 6 0 0 0 0 0 0 0 0 0 0 0 0 0
hsa-miR-3941 0 0 0 0 0 0 2 0 0 0 0 0 0 0 0 0 0 0 0 0 0 0 0 0 0 0 0 0 0 0 0 0 0 0 0 0 0 0 0 0 0 0 0 0 0 0 0 0 0 0 0 0 0 0 0 0 0 0 0 0 0 0 0 0 0 0 0 0 0 0 0 0 0 0 0 0 0 0 0 0 0 0 0 0 0 0 0 0 0 0 0 0 0 0 0 0
hsa-miR-4422 0 0 0 0 0 0 94 0 0 50 0 0 0 0 0 0 0 0 0 0 0 0 108 0 0 0 0 2 0 0 0 0 0 0 29 0 0 0 0 0 0 0 0 0 12 0 0 0 0 0 0 0 0 0 0 0 0 0 0 0 2 0 0 0 0 0 0 0 0 0 0 4 0 0 0 0 28 0 0 0 0 0 0 0 0 0 0 0 0 0 0 0 10 0 87 0
hsa-miR-4496 0 0 0 0 0 0 2 0 0 0 0 0 36 0 0 0 0 12 0 4 0 0 246 0 0 14 0 0 0 0 0 0 0 0 0 85 13 0 0 0 54 0 0 0 2 32 2 44 0 6 6 2 24 0 40 0 20 0 158 0 92 0 0 0 0 0 0 80 24 0 0 0 0 14 0 0 2 2 14 0 0 18 0 28 0 0 54 28 0 0 0 0 0 0 0 0
hsa-miR-4525 0 0 0 0 0 0 96 0 0 0 0 0 0 0 0 0 0 2 0 0 0 40 0 0 0 0 0 0 0 0 2 0 0 0 0 0 0 0 0 0 0 0 0 0 0 0 0 0 0 0 82 0 0 0 0 0 0 0 0 0 0 0 0 0 0 0 0 0 0 0 0 0 0 0 0 0 0 0 8 0 0 0 0 0 0 16 0 0 0 0 0 0 0 0 0 0
hsa-miR-4662a-5p 0 0 0 0 0 0 26 0 0 4 0 1190 0 0 4 14 36 0 0 0 0 2 74 0 2 2 0 20 0 0 10 0 1 0 6 1 1 142 0 0 0 0 16 0 64 36 0 0 2 0 0 30 42 0 0 18 16 78 646 0 202 0 0 0 0 4 0 12 542 0 0 0 0 0 0 0 0 0 16 2 0 8 0 0 0 2 0 0 0 4 0 0 0 0 0 0
hsa-miR-4732-3p 0 0 0 0 0 0 38 0 170 56 0 32 0 0 12 0 0 0 0 0 0 0 72 34 10 0 0 0 21 0 25 0 3 0 6 0 0 0 12 0 0 0 0 4 0 0 0 58 0 0 0 26 14 48 0 4 0 0 0 0 0 0 0 0 0 0 0 0 54 0 0 0 0 0 42 0 0 0 0 0 0 10 0 0 14 0 0 0 36 2 0 0 0 0 0 0
hsa-miR-4763-3p 0 0 0 0 0 0 2 0 0 0 0 52 0 0 0 0 0 0 0 0 0 0 0 0 0 0 0 0 0 0 0 0 0 0 0 0 0 0 0 0 0 0 0 0 0 0 0 0 6 8 0 0 0 0 0 0 0 0 0 0 0 0 0 0 0 0 0 0 0 0 0 0 0 0 0 0 0 0 0 0 0 0 0 0 0 0 0 0 0 0 0 0 0 86 18 58
hsa-miR-5008-3p 0 0 0 0 0 0 68 0 0 0 0 0 0 0 0 0 0 0 0 0 0 0 0 0 0 0 0 0 0 0 0 0 0 0 0 0 0 0 0 0 0 0 0 0 0 0 0 0 0 0 0 0 0 0 0 0 0 0 0 0 0 0 0 0 0 0 0 0 0 0 0 0 0 0 0 0 0 0 0 0 0 0 0 0 0 0 0 0 0 0 0 0 0 0 0 0
hsa-miR-510-5p 0 0 0 0 0 0 86 0 0 2 0 0 0 0 0 0 0 0 0 0 0 0 0 0 0 0 0 0 4 13 0 0 0 0 0 206 0 0 0 0 1 0 0 0 0 0 0 0 0 0 0 0 0 0 0 0 0 0 92 0 0 0 0 0 0 0 0 0 0 0 0 0 0 0 0 0 0 0 2 0 0 0 0 0 0 0 70 0 0 0 0 0 0 0 8 139
hsa-miR-5683 0 0 0 0 0 0 32 0 0 0 0 36 0 0 0 0 0 0 0 0 0 0 0 0 0 0 0 0 0 0 0 0 0 0 0 0 0 0 0 0 0 0 0 0 6 0 0 0 18 36 0 56 0 106 0 0 2 0 0 0 0 0 0 0 0 0 0 0 0 0 0 0 0 0 0 0 0 0 0 0 48 0 0 0 0 0 0 0 0 0 0 0 0 0 0 0
hsa-miR-6501-3p 0 0 0 0 0 0 84 12 0 0 0 0 0 0 46 0 0 20 0 0 0 0 0 0 0 0 20 0 0 20 17 0 0 0 0 7 0 3 0 0 0 0 0 0 0 30 0 0 0 28 0 28 0 92 0 46 16 0 0 0 0 0 0 0 2 48 0 0 38 0 0 0 0 20 0 0 0 0 0 0 0 0 0 0 0 0 0 0 0 48 0 0 12 0 0 0
hsa-miR-6513-3p 0 0 0 0 0 0 70 0 0 0 60 2 54 0 2 0 0 20 6 0 0 0 0 0 0 0 0 0 0 5 0 0 0 0 4 0 0 0 0 0 0 0 0 0 0 0 2 0 0 18 54 14 0 0 0 0 0 0 2 0 16 0 0 0 0 2 0 0 0 0 0 0 0 46 0 0 0 0 0 0 0 14 0 20 0 0 0 60 0 0 0 0 32 0 0 0
hsa-miR-652-5p 0 0 0 0 0 0 62 36 0 0 2 342 8 0 102 2 86 0 4 0 0 2 186 4 36 0 0 0 9 10 49 1 26 0 0 0 0 0 1 0 27 0 3 0 0 200 0 0 2 76 112 22 0 0 32 106 6 0 134 0 0 0 0 0 2 0 2 68 34 0 0 120 0 0 16 0 0 0 0 0 2 18 0 2 0 118 6 0 0 2 18 204 76 60 73 168
hsa-miR-6718-5p 0 0 0 0 0 0 54 0 0 0 0 52 0 0 30 0 34 0 0 62 0 0 0 0 14 0 0 17 0 0 19 0 0 0 1 2 0 0 0 0 0 0 1 14 0 34 0 0 44 0 0 0 0 0 0 0 0 0 0 0 0 0 146 0 0 0 0 0 54 0 0 0 0 0 2 0 0 0 16 0 0 22 0 0 0 0 0 0 0 0 0 0 0 0 0 0
hsa-miR-6836-3p 0 0 0 0 0 0 2 0 0 18 0 0 0 0 0 0 0 0 0 0 0 0 0 0 0 0 0 0 0 0 0 0 0 0 0 0 0 0 0 0 0 0 0 0 0 0 0 0 0 0 0 0 0 0 0 0 0 0 0 0 0 0 0 0 0 0 0 0 0 0 0 0 0 42 0 0 0 0 0 0 0 0 0 0 0 0 0 0 0 0 0 0 0 0 0 0
hsa-miR-6877-5p 0 0 0 0 0 0 10 0 0 0 0 36 0 0 4 0 0 0 0 0 0 0 2 0 0 0 0 0 0 0 0 0 0 0 0 0 0 0 0 0 0 0 15 0 0 10 0 0 0 6 0 0 0 0 0 0 0 0 0 0 0 0 0 0 0 0 0 0 0 0 0 0 0 0 38 0 0 0 0 42 0 0 0 0 0 0 0 0 0 0 0 0 32 0 0 0
hsa-miR-6885-5p 0 0 0 0 0 0 58 0 0 0 0 82 0 0 0 0 0 0 0 0 0 0 0 0 0 0 0 7 0 0 0 0 0 0 0 0 0 0 0 0 0 0 0 0 0 0 0 0 0 0 0 0 0 0 10 0 0 0 2 0 0 8 0 0 0 0 0 0 0 0 0 0 82 2 0 0 0 2 0 0 0 0 0 0 0 0 0 0 0 0 0 0 0 2 0 0
hsa-miR-1238-5p 0 0 0 0 0 0 0 20 0 0 60 0 0 0 6 0 0 0 0 0 0 2 34 0 0 0 0 0 0 0 0 0 0 0 0 2 0 0 0 0 0 0 8 0 0 0 0 0 0 0 20 0 110 0 0 0 0 0 0 0 0 0 0 0 0 0 0 0 0 0 0 0 82 16 0 0 0 0 48 0 0 0 0 12 0 0 4 30 0 0 0 0 0 2 0 0
hsa-miR-1258 0 0 0 0 0 0 0 28 0 0 0 0 0 0 0 0 0 12 0 0 0 0 0 0 0 0 0 0 0 0 0 0 0 0 0 0 0 0 0 0 0 0 0 0 0 0 0 0 0 0 0 20 0 0 0 0 0 0 10 0 0 0 0 0 0 38 0 0 0 0 0 0 0 0 0 0 0 0 0 0 2 20 0 0 0 0 0 0 0 0 0 0 0 0 0 0
hsa-miR-127-5p 0 0 0 0 0 0 0 54 0 0 0 50 0 0 32 0 68 0 0 0 0 0 118 98 0 22 0 0 0 0 9 0 0 0 0 9 0 0 19 0 0 0 0 18 0 16 0 0 0 0 0 122 44 106 0 2 6 0 0 0 0 0 0 0 0 30 0 50 0 0 0 66 0 0 62 0 0 0 0 0 0 88 0 0 0 36 0 0 0 0 0 2 0 0 0 0
hsa-miR-1294 0 0 0 0 0 0 0 2 0 0 0 0 54 0 52 0 0 0 0 0 0 0 0 0 0 0 0 1 0 0 0 0 0 0 0 0 12 0 0 1 0 0 0 0 0 28 6 0 0 56 0 0 0 0 0 0 0 0 0 0 0 0 0 0 0 0 0 0 0 0 0 0 0 34 46 0 0 0 0 0 0 0 0 0 2 0 0 0 0 0 214 16 124 38 33 0
hsa-miR-1302 0 0 0 0 0 0 0 20 0 50 0 0 0 0 0 0 0 0 0 0 0 0 0 0 0 0 0 0 0 0 0 0 0 0 0 0 0 0 0 0 0 0 0 0 0 0 0 0 0 0 0 0 0 0 0 0 0 0 0 0 0 0 0 0 48 0 0 0 0 0 0 0 0 0 0 0 0 0 0 0 0 0 0 0 0 0 0 10 0 0 0 0 0 16 0 36
hsa-miR-147b 0 0 0 0 0 0 0 24 0 0 2 14 0 0 10 0 0 0 0 0 0 2 0 0 0 0 0 4 0 0 38 0 0 0 0 0 8 0 0 0 0 0 0 0 0 2 0 0 36 0 0 96 0 0 0 2 0 0 0 2 0 0 0 0 14 0 0 0 0 0 0 0 0 0 0 0 0 0 0 0 0 0 0 0 0 24 0 0 0 0 26 0 266 0 0 0
hsa-miR-2114-5p 0 0 0 0 0 0 0 64 0 0 0 0 0 0 0 0 0 0 6 0 0 0 0 0 0 0 0 0 0 0 0 0 0 1 0 0 0 0 0 0 0 0 0 0 0 0 4 0 36 0 0 176 0 0 0 0 20 0 0 0 0 0 0 0 0 0 0 0 0 0 0 0 0 0 0 6 0 0 0 0 0 0 0 0 0 0 0 0 0 0 0 0 0 0 0 0
hsa-miR-3679-5p 0 0 0 0 0 0 0 48 0 0 0 42 0 0 30 0 0 0 0 0 0 0 68 0 0 0 0 3 0 0 0 0 0 0 0 0 0 0 15 1 0 0 0 0 24 0 0 0 0 0 0 28 0 0 0 0 0 0 0 0 730 0 0 0 54 0 0 0 0 0 0 0 0 32 0 0 0 0 0 0 0 0 0 0 72 0 0 36 0 0 70 362 2 78 10 41
hsa-miR-3690 0 0 0 0 0 0 0 14 0 0 0 0 0 0 0 0 0 0 18 0 0 0 58 0 0 0 0 0 1 0 0 0 16 0 34 0 0 0 0 0 0 0 1 2 0 0 2 0 0 0 0 38 0 0 0 0 84 0 0 0 0 0 0 0 0 0 0 0 0 0 0 20 0 0 84 0 2 0 0 0 0 0 0 0 0 0 0 0 0 0 0 0 0 0 0 0
hsa-miR-376b-3p 0 0 0 0 0 0 0 46 0 0 0 26 0 0 0 0 0 0 0 0 0 0 0 0 0 0 0 0 0 0 13 0 0 0 0 0 0 0 0 0 0 0 0 0 0 0 0 0 0 0 0 6 26 0 0 0 0 0 0 0 0 0 0 0 0 0 0 0 0 0 0 0 0 0 0 0 0 0 0 0 0 12 0 0 0 0 0 0 0 0 0 0 0 0 0 0
hsa-miR-378e 0 0 0 0 0 0 0 24 0 0 0 0 0 0 0 0 0 2 0 0 0 0 0 0 0 0 0 11 0 0 0 0 0 0 0 0 0 0 0 0 0 28 0 0 0 0 0 0 0 0 0 0 0 0 0 30 0 0 0 0 0 0 0 0 0 0 0 0 4 0 0 0 0 0 0 0 0 0 0 0 0 0 0 0 46 0 0 0 0 0 0 0 0 30 0 0
hsa-miR-3960 0 0 0 0 0 0 0 4 0 0 0 0 0 0 0 0 0 0 0 0 2 0 0 0 2 0 0 0 0 0 0 0 0 0 0 0 0 0 0 0 1 0 0 0 2 0 0 0 0 0 0 0 0 0 0 0 0 0 2 0 0 0 0 6 0 0 0 0 0 2 0 0 0 0 0 4 0 0 0 2 0 0 0 0 0 0 4 0 0 0 0 0 0 0 0 0
hsa-miR-4426 0 0 0 0 0 0 0 4 2 0 0 0 0 36 0 84 0 0 2 0 0 0 0 0 0 0 0 0 0 0 0 0 0 0 0 0 0 0 0 0 40 0 0 0 0 0 0 0 32 0 0 12 0 0 134 18 0 0 0 0 0 0 0 0 108 72 0 0 0 0 0 0 0 0 0 0 0 0 0 0 0 0 0 0 0 0 24 0 0 0 18 0 0 0 0 0
hsa-miR-4429 0 0 0 0 0 0 0 2 0 0 0 0 0 0 0 0 0 2 0 0 0 0 0 0 0 0 0 0 0 0 0 0 0 0 0 0 0 0 0 0 0 0 0 0 0 0 0 0 0 0 0 0 0 0 0 0 0 0 0 0 0 0 0 0 0 0 0 0 2 0 0 0 0 0 0 0 2 0 0 0 0 0 0 0 0 0 0 0 0 0 0 4 2 6 0 0
hsa-miR-4716-3p 0 0 0 0 0 0 0 10 0 20 68 0 0 0 0 0 0 56 12 0 0 0 0 0 0 0 2 0 0 0 0 0 0 0 0 10 0 0 31 0 0 0 10 0 0 0 0 0 38 0 0 6 12 0 0 0 0 0 0 0 10 0 0 0 0 0 0 0 24 0 0 0 0 30 0 0 0 0 14 0 0 0 70 0 0 0 0 0 0 0 0 0 0 0 0 0
hsa-miR-4800-5p 0 0 0 0 0 0 0 2 0 0 0 0 0 0 0 0 0 0 0 0 0 0 0 0 0 0 0 0 0 0 0 0 0 0 0 0 0 0 0 0 0 0 0 0 0 0 0 14 0 0 0 0 0 0 0 0 0 0 0 0 0 0 0 0 0 0 0 0 0 0 0 0 0 46 0 0 0 0 0 0 0 0 6 0 0 0 0 0 0 22 0 0 0 0 0 0
hsa-miR-509-5p 0 0 0 0 0 0 0 2 0 0 0 0 0 0 0 0 0 0 0 22 0 0 0 0 0 0 0 0 0 0 0 0 0 0 0 270 0 0 0 0 0 0 0 0 0 4 0 0 0 0 0 40 0 0 0 0 2 0 2 0 0 0 0 0 0 0 0 0 0 0 0 0 0 0 0 0 0 0 0 0 2 0 0 0 0 0 52 0 0 0 0 64 226 0 240 185
hsa-miR-542-5p 0 0 0 0 0 0 0 68 0 0 0 22 2 0 0 0 0 0 0 0 0 0 0 0 0 0 0 0 0 0 0 0 0 0 0 0 0 0 7 0 0 16 0 6 0 0 0 0 108 0 0 0 0 0 48 0 4 0 0 0 0 0 0 0 0 0 0 0 0 0 0 0 0 0 26 0 2 0 0 48 0 40 0 0 0 0 0 0 0 0 0 66 102 2 53 0
hsa-miR-548aa 0 0 0 0 0 0 0 32 0 0 0 0 0 0 0 0 0 0 0 0 34 0 0 0 0 0 0 0 0 0 0 0 0 0 0 0 0 0 0 0 0 0 0 0 0 0 0 0 0 0 0 0 0 0 0 0 0 0 0 0 0 0 0 0 0 0 0 0 0 0 0 0 0 0 0 0 0 0 0 0 0 0 0 0 0 0 0 0 0 0 8 0 274 0 10 0
hsa-miR-548v 0 0 0 0 0 0 0 2 0 50 0 0 0 0 0 0 0 0 0 0 0 0 0 0 0 0 0 0 0 0 0 0 0 0 0 0 0 0 4 0 0 0 1 0 0 0 0 0 0 0 0 0 0 0 0 0 0 0 0 0 0 0 0 0 0 0 0 0 0 0 0 0 0 0 0 0 0 0 0 0 0 0 0 0 0 0 2 0 0 0 82 144 88 34 0 76
hsa-miR-6503-5p 0 0 0 0 0 0 0 72 0 0 0 32 0 0 0 0 0 0 0 0 0 0 0 0 0 0 0 0 6 0 0 0 0 0 0 0 0 0 0 0 0 0 0 0 0 0 0 0 4 0 0 28 0 0 0 0 0 0 0 0 0 0 0 0 0 0 0 0 48 0 0 0 0 0 0 0 0 0 0 0 0 0 0 0 0 0 0 0 0 0 0 0 0 0 0 0
hsa-miR-6740-5p 0 0 0 0 0 0 0 32 0 0 0 0 0 0 0 0 0 0 0 0 0 0 0 0 0 0 0 0 0 0 0 0 0 0 0 0 0 0 0 0 0 0 0 0 0 0 0 0 0 30 0 0 0 0 0 0 0 0 0 0 0 0 0 0 0 0 0 0 0 0 0 0 0 0 0 0 0 0 0 0 0 0 0 0 0 0 0 0 0 0 0 0 0 0 0 0
hsa-miR-6753-3p 0 0 0 0 0 0 0 10 0 0 0 0 0 0 0 0 0 0 0 0 0 0 0 0 0 0 0 0 0 0 0 0 0 0 0 0 0 0 0 0 0 0 0 0 0 0 0 0 20 0 0 0 0 0 0 0 0 0 64 0 0 0 0 0 0 0 0 0 0 0 0 0 0 22 0 0 0 0 0 0 0 0 0 0 0 0 8 0 0 0 0 0 0 0 0 0
hsa-miR-6840-5p 0 0 0 0 0 0 0 32 0 0 0 0 0 0 0 0 0 0 0 0 0 0 0 0 0 0 0 0 13 0 16 0 0 1 0 21 27 0 0 0 0 0 0 0 0 0 0 0 0 0 0 14 0 0 0 0 0 0 0 0 0 0 0 0 0 0 0 0 0 0 0 0 0 14 0 0 0 0 0 0 0 2 0 0 0 0 0 0 0 2 0 0 68 72 16 0
hsa-miR-758-3p 0 0 0 0 0 0 0 14 0 0 0 0 0 0 0 0 0 0 0 0 0 0 114 0 0 0 0 0 0 0 30 0 0 0 0 0 0 0 0 0 0 14 0 14 0 8 0 0 0 0 0 0 98 0 70 0 0 0 0 8 0 0 48 0 0 20 0 0 0 0 0 0 0 0 12 2 0 0 0 0 0 30 0 0 0 0 0 0 0 0 0 0 0 0 0 0
hsa-miR-7847-3p 0 0 0 0 0 0 0 22 0 0 0 0 0 0 0 0 0 0 0 0 0 0 0 0 0 0 0 0 0 0 0 0 0 0 0 0 0 0 0 0 0 0 0 0 0 0 0 0 0 0 0 0 0 0 0 0 0 0 0 0 0 0 0 0 0 12 0 0 0 0 0 0 0 0 0 0 0 0 0 0 0 2 0 44 0 0 0 0 0 0 0 0 0 0 0 0
hsa-miR-1277-3p 0 0 0 0 0 0 0 0 66 10 0 196 28 0 18 0 20 0 0 0 0 0 110 0 0 0 2 3 4 0 0 0 0 0 0 0 0 18 18 0 0 0 0 0 0 28 0 2 10 30 0 100 0 0 0 10 0 0 48 2 32 0 0 0 0 0 0 0 0 0 0 0 0 8 0 0 28 0 0 2 0 14 0 0 0 0 26 0 0 36 0 0 48 0 0 0
hsa-miR-135b-3p 0 0 0 0 0 0 0 0 56 0 0 0 0 0 0 0 0 0 0 2 0 0 0 0 0 0 0 0 0 0 0 0 0 0 0 0 0 0 0 0 0 0 0 0 0 0 0 0 0 0 0 0 0 0 0 0 0 0 0 0 0 14 0 0 0 0 0 0 0 0 0 0 0 0 0 0 0 0 0 0 0 0 0 0 0 0 0 0 0 0 0 0 0 0 0 0
hsa-miR-3612 0 0 0 0 0 0 0 0 42 0 0 0 0 0 0 0 0 0 0 0 0 0 0 0 0 0 0 0 0 0 0 0 0 0 0 0 0 0 0 0 0 0 0 0 0 0 0 0 0 0 0 0 0 0 0 0 0 0 0 0 0 0 0 0 0 0 0 0 0 0 0 0 0 0 0 0 0 0 0 0 0 0 0 0 0 0 0 0 0 0 0 0 0 0 0 0
hsa-miR-378g 0 0 0 0 0 0 0 0 120 0 0 8 0 0 0 38 0 4 0 0 0 0 0 0 0 0 5 0 1 0 0 0 0 0 0 0 0 0 0 0 0 0 27 0 0 2 0 0 0 0 0 0 0 0 0 24 0 0 6 0 38 16 0 0 0 0 0 0 0 0 0 0 0 128 0 0 0 0 2 4 0 0 0 0 0 36 18 0 0 0 0 6 0 0 0 2
hsa-miR-4659a-5p 0 0 0 0 0 0 0 0 50 0 0 0 0 0 2 0 0 0 0 0 0 0 0 0 0 0 0 0 0 0 0 0 0 0 0 0 0 0 0 0 0 0 0 0 0 0 0 0 0 0 0 0 0 0 0 0 0 0 0 0 0 0 0 0 0 0 0 0 0 0 0 0 0 0 0 0 0 0 0 0 0 0 0 0 0 0 0 0 0 0 14 42 0 0 0 0
hsa-miR-4672 0 0 0 0 0 0 0 0 22 0 0 0 0 0 0 0 0 0 0 0 0 0 0 0 0 0 0 0 0 0 0 0 20 0 0 0 0 0 0 0 0 0 0 0 0 0 0 0 0 0 0 0 0 0 0 0 0 0 0 0 0 0 0 0 0 0 0 0 0 0 0 0 0 0 0 0 0 0 0 0 0 0 0 0 0 0 0 0 0 2 0 0 0 0 0 0
hsa-miR-4688 0 0 0 0 0 0 0 0 18 0 0 30 0 0 0 0 0 0 0 0 0 0 0 0 0 0 0 2 0 0 0 0 0 0 0 0 0 0 7 0 27 0 9 0 0 0 2 0 0 0 0 50 0 0 0 0 0 0 0 0 0 0 0 0 0 0 0 0 0 0 0 16 0 0 2 0 0 0 0 0 0 24 6 0 0 20 0 0 0 0 0 58 0 0 0 0
hsa-miR-4753-5p 0 0 0 0 0 0 0 0 2 0 0 0 0 0 36 0 0 0 0 0 0 0 0 0 0 0 0 0 0 0 0 0 0 0 0 0 0 0 0 0 0 0 0 0 0 0 0 0 0 0 0 0 0 0 0 0 0 0 0 0 0 0 0 0 0 0 0 0 0 0 0 0 0 0 0 0 0 0 0 0 0 0 0 0 0 0 0 0 0 0 0 0 0 0 16 0
hsa-miR-4772-5p 0 0 0 0 0 0 0 0 54 0 0 0 0 0 0 0 0 0 4 0 0 0 0 76 1 4 0 0 22 0 23 0 0 0 13 0 0 9 0 0 0 0 0 0 0 10 0 0 0 0 2 4 0 0 0 0 30 0 102 0 0 0 0 0 2 0 56 0 4 0 0 0 0 0 0 2 0 2 0 0 0 0 24 0 0 0 0 0 0 22 0 0 0 0 0 0
hsa-miR-5087 0 0 0 0 0 0 0 0 94 0 0 0 0 0 0 0 0 0 0 0 0 0 0 0 7 0 26 0 0 0 0 0 0 0 0 0 0 0 13 0 0 0 0 0 0 0 0 0 0 0 0 0 0 0 0 0 0 0 0 0 0 0 0 0 0 96 0 0 0 0 0 0 0 0 0 0 0 0 2 6 0 0 0 10 0 0 0 0 0 0 0 0 0 0 49 0
hsa-miR-548at-5p 0 0 0 0 0 0 0 0 46 0 32 20 0 0 26 0 0 0 0 0 0 0 0 0 0 0 0 1 0 0 0 0 0 0 0 0 0 27 0 0 0 1 0 0 0 0 0 0 0 0 0 0 0 0 0 0 0 0 38 0 0 0 0 0 0 0 0 0 0 0 0 0 0 30 0 0 0 0 0 0 0 8 0 0 0 0 0 0 0 0 0 0 94 28 0 0
hsa-miR-548az-5p 0 0 0 0 0 0 0 0 36 0 0 74 0 0 0 0 0 0 0 0 0 0 0 0 0 0 0 0 0 0 0 0 0 0 0 0 0 0 0 0 0 0 0 0 0 0 0 0 0 0 0 22 0 0 0 0 0 0 0 0 0 0 0 0 0 0 0 0 0 0 0 0 0 0 0 0 0 0 0 2 0 0 0 0 2 0 0 0 0 0 0 0 0 0 0 0
hsa-miR-548u 0 0 0 0 0 0 0 0 2 0 0 100 0 0 0 0 0 0 0 0 0 0 0 0 18 0 0 0 0 0 0 0 0 0 0 0 0 0 0 0 1 0 0 0 32 0 0 0 28 0 0 0 0 0 0 0 0 0 0 0 0 0 0 0 0 0 0 0 0 0 0 0 0 0 0 0 0 0 0 0 0 0 0 0 0 0 0 0 0 0 44 0 144 0 50 0
hsa-miR-6503-3p 0 0 0 0 0 0 0 0 20 0 0 0 0 0 0 0 0 0 10 0 0 0 0 0 0 0 0 9 0 0 0 0 11 0 2 0 0 0 0 0 0 0 0 0 0 0 0 0 0 0 0 0 0 0 0 0 2 0 0 0 0 0 0 0 0 44 0 0 0 0 0 0 0 0 0 0 0 0 0 0 0 8 0 0 0 0 0 0 0 0 0 0 0 0 0 0
hsa-miR-6755-5p 0 0 0 0 0 0 0 0 106 0 0 0 0 0 0 0 0 0 0 0 0 0 0 0 0 0 0 0 0 0 0 0 0 0 0 0 0 0 0 0 0 0 0 0 0 0 0 0 0 0 0 0 0 0 0 0 30 0 0 0 0 0 0 0 0 2 0 0 0 0 0 0 0 0 0 0 0 0 0 0 0 0 0 0 0 0 0 0 0 0 0 0 0 0 0 0
hsa-miR-6782-5p 0 0 0 0 0 0 0 0 168 0 0 0 0 0 0 0 0 0 0 0 0 0 0 0 0 0 0 0 0 0 0 0 0 0 0 0 0 0 0 0 0 0 0 0 0 0 0 0 0 0 0 0 0 0 0 0 0 0 0 0 0 0 0 0 0 0 0 0 0 0 0 0 0 0 0 0 0 0 0 0 0 0 0 0 0 0 0 0 0 0 54 128 0 0 0 0
hsa-miR-6786-3p 0 0 0 0 0 0 0 0 2 0 0 0 0 16 0 0 0 0 6 24 0 0 2 0 0 0 5 2 0 3 16 0 0 0 0 0 0 0 11 0 13 0 0 0 4 0 4 0 12 4 0 0 0 48 0 0 0 0 110 0 0 2 0 0 2 0 0 0 0 0 0 0 0 38 0 0 0 0 0 16 0 0 0 0 0 48 70 28 0 0 0 0 0 0 98 0
hsa-miR-6826-3p 0 0 0 0 0 0 0 0 22 0 0 0 6 0 0 0 0 40 4 0 0 0 0 44 0 0 3 0 0 0 19 1 9 0 0 0 0 0 0 0 44 0 0 0 0 0 0 36 0 0 0 0 0 76 0 0 4 0 44 0 0 0 0 0 0 0 0 0 0 0 0 38 0 100 2 0 0 0 18 0 0 0 0 0 0 32 18 0 0 30 10 32 0 0 0 50
hsa-miR-6837-3p 0 0 0 0 0 0 0 0 22 0 0 26 0 0 0 0 0 0 0 0 0 0 102 0 0 0 0 0 10 0 0 0 0 0 0 0 0 0 0 0 0 0 0 2 0 0 0 0 0 0 0 0 0 0 0 0 0 0 0 0 0 0 0 0 0 0 0 0 0 0 0 0 0 0 0 0 0 0 0 4 0 32 0 0 0 0 0 0 0 0 48 0 0 0 0 0
hsa-miR-6847-5p 0 0 0 0 0 0 0 0 72 2 0 0 0 0 0 0 0 0 0 0 0 0 0 0 0 0 0 0 0 0 41 0 0 0 0 0 0 20 0 0 0 0 0 0 0 0 0 0 0 0 0 0 0 0 0 0 0 0 0 0 0 0 0 0 0 0 0 0 0 0 0 0 0 0 0 0 0 0 0 0 80 0 2 0 0 0 0 0 0 0 66 0 4 0 0 0
hsa-miR-7111-3p 0 0 0 0 0 0 0 0 34 0 0 0 0 0 0 0 0 2 0 0 0 0 0 0 0 0 0 0 0 0 0 0 0 0 0 0 0 0 0 0 0 0 0 52 0 0 0 58 98 0 0 0 0 0 0 0 0 0 0 0 0 0 0 0 22 0 0 0 0 0 0 0 0 0 0 0 0 0 52 0 0 8 0 64 0 0 0 0 0 0 0 68 24 86 0 40
hsa-miR-7113-5p 0 0 0 0 0 0 0 0 36 0 0 0 0 0 0 0 0 18 0 0 0 0 32 0 0 0 0 0 0 0 0 0 0 0 0 14 0 0 0 0 0 0 0 0 4 0 0 0 22 0 0 22 0 0 0 32 0 0 20 0 38 0 0 0 0 0 0 0 16 0 0 0 0 0 0 0 0 0 0 36 0 0 0 0 0 0 0 0 14 0 0 0 86 18 0 0
hsa-miR-7155-3p 0 0 0 0 0 0 0 0 88 0 0 0 0 0 0 0 0 0 4 0 0 0 0 0 0 0 0 0 0 0 0 0 0 0 6 0 0 0 0 0 0 0 0 0 0 0 0 0 0 0 0 0 0 0 0 0 0 0 0 0 0 0 0 0 0 0 0 0 0 0 0 0 0 0 0 0 0 0 0 0 0 14 0 0 0 0 0 0 0 0 0 0 0 0 0 0
hsa-miR-1249-5p 0 0 0 0 0 0 0 0 0 50 0 0 6 0 0 0 0 60 0 0 0 0 76 0 0 0 0 0 0 0 0 0 0 0 0 0 28 0 0 0 0 0 0 4 0 0 30 0 44 0 0 0 0 0 52 0 0 0 0 0 0 0 0 0 0 0 0 0 0 0 0 0 0 92 0 0 0 0 0 46 0 0 0 10 0 0 0 2 0 0 0 0 0 2 0 0
hsa-miR-137 0 0 0 0 0 0 0 0 0 44 0 0 0 0 0 0 0 0 4 0 0 2 0 0 0 0 0 0 0 0 0 0 0 0 0 0 0 0 0 0 0 0 0 0 0 0 0 0 0 0 0 32 0 0 0 0 0 0 0 0 18 0 0 0 0 0 0 0 0 0 0 0 0 0 0 0 0 0 0 0 0 12 0 0 0 0 0 0 0 0 0 0 0 0 0 0
hsa-miR-141-5p 0 0 0 0 0 0 0 0 0 28 0 0 0 0 8 0 0 0 0 0 0 0 0 0 1 0 0 0 0 0 0 0 0 0 0 0 0 0 0 0 0 0 0 0 0 0 0 0 0 0 0 4 0 0 0 0 0 0 0 0 0 0 0 0 0 0 0 0 104 0 0 0 0 60 0 14 22 0 2 0 2 0 0 0 0 0 0 0 0 0 0 0 0 0 0 0
hsa-miR-188-3p 0 0 0 0 0 0 0 0 0 2 0 0 0 0 14 0 0 0 0 0 0 0 0 0 0 0 0 4 0 0 0 0 0 0 0 0 0 0 0 0 0 0 0 0 0 0 0 0 0 0 0 0 0 0 0 0 0 0 0 0 0 0 0 0 0 0 0 0 0 0 0 0 0 0 0 0 0 0 0 0 0 0 0 18 0 0 0 0 0 0 0 0 0 0 0 0
hsa-miR-2116-3p 0 0 0 0 0 0 0 0 0 138 0 0 0 0 0 0 0 0 0 26 0 0 14 0 0 0 14 0 0 0 37 0 0 0 0 0 0 0 0 1 0 2 0 0 0 0 0 0 10 0 0 0 16 84 12 0 0 0 0 0 320 0 0 0 0 0 0 0 0 0 0 0 0 114 16 2 0 0 0 0 0 0 2 0 0 0 0 0 0 26 0 0 0 2 0 0
hsa-miR-2861 0 0 0 0 0 0 0 0 0 14 0 0 0 0 0 0 0 0 0 0 0 0 0 0 0 0 0 0 0 0 0 0 0 0 0 0 0 0 0 0 0 0 0 0 0 2 0 0 0 0 0 0 0 0 0 0 0 0 0 0 0 0 0 0 0 0 0 0 0 0 0 0 0 0 0 0 0 0 0 0 0 0 0 0 0 0 0 0 0 0 0 0 0 0 0 0
hsa-miR-3116 0 0 0 0 0 0 0 0 0 12 0 0 0 0 0 0 0 0 0 0 0 0 0 0 0 0 0 5 0 0 0 0 0 0 0 0 0 0 0 0 0 0 0 0 2 0 0 0 0 0 0 0 0 0 0 0 0 0 0 0 0 0 0 0 0 0 0 0 0 0 0 0 0 0 0 0 0 0 0 0 0 0 0 0 0 0 0 0 0 0 0 0 0 0 0 0
hsa-miR-3152-5p 0 0 0 0 0 0 0 0 0 16 0 0 8 0 0 0 0 68 0 0 0 0 0 0 0 0 0 0 0 0 0 0 0 0 0 0 0 0 0 0 0 0 0 0 0 0 0 0 0 0 0 52 0 0 0 0 0 0 0 0 0 0 0 0 0 0 0 32 0 0 0 0 0 0 0 0 0 0 0 0 0 0 0 10 0 0 0 0 0 0 0 0 0 0 0 0
hsa-miR-3617-5p 0 0 0 0 0 0 0 0 0 30 0 0 0 0 0 0 0 0 0 0 0 0 32 0 0 0 0 0 0 0 20 0 0 0 0 0 0 0 0 0 0 0 0 0 0 2 0 0 18 0 0 0 0 0 0 0 0 0 86 0 0 0 0 0 0 0 0 0 0 0 0 0 0 0 0 0 0 0 0 0 0 0 0 0 0 48 0 0 0 0 0 0 0 0 0 0
hsa-miR-377-3p 0 0 0 0 0 0 0 0 0 20 0 0 0 0 0 0 0 0 0 0 0 0 0 0 0 0 1 0 0 0 7 0 0 0 0 0 0 34 0 0 0 0 0 2 0 0 0 0 0 0 0 64 0 0 0 0 0 24 0 0 0 0 0 0 0 0 0 0 0 0 0 0 0 0 18 0 0 0 0 0 0 16 0 0 0 0 0 0 0 0 0 0 0 0 0 0
hsa-miR-3910 0 0 0 0 0 0 0 0 0 70 0 0 0 0 0 0 126 0 4 70 0 0 0 0 0 31 0 0 0 0 0 0 0 0 0 0 0 0 0 0 34 0 0 0 0 0 0 0 0 0 0 42 0 0 0 28 0 0 0 44 0 0 0 0 0 0 0 0 0 0 0 0 0 28 0 0 0 0 34 0 0 0 0 0 0 0 0 0 0 0 0 0 0 0 0 0
hsa-miR-3928-5p 0 0 0 0 0 0 0 0 0 32 0 0 0 0 0 0 0 0 0 0 0 0 0 0 0 0 0 0 0 0 0 0 0 0 0 0 0 0 0 0 0 0 0 0 0 0 0 0 0 0 0 0 0 0 0 10 0 0 0 0 0 0 0 0 0 0 0 0 0 0 0 0 0 0 0 0 0 0 0 0 0 0 0 0 0 0 0 0 0 0 0 0 100 0 0 0
hsa-miR-4526 0 0 0 0 0 0 0 0 0 16 42 0 0 0 0 0 0 0 0 0 0 0 0 0 0 0 0 0 0 0 0 0 0 0 0 0 0 0 8 0 0 0 0 0 0 0 0 0 0 0 0 0 0 0 0 0 0 0 0 0 0 0 0 0 0 0 0 0 0 0 0 0 0 0 0 0 0 0 0 0 0 0 0 0 0 0 0 0 0 0 0 0 0 0 22 0
hsa-miR-455-5p 0 0 0 0 0 0 0 0 0 4 0 2 0 0 0 0 0 0 0 0 0 0 0 0 0 17 0 0 0 0 172 0 0 0 0 0 0 0 0 0 0 0 0 0 0 2 0 0 0 0 0 0 0 0 0 0 0 0 0 0 0 0 6 0 0 0 0 0 0 0 0 0 0 0 0 0 0 0 0 0 0 0 2 0 0 0 0 0 0 0 0 0 0 0 0 0
hsa-miR-4639-5p 0 0 0 0 0 0 0 0 0 2 0 0 0 0 0 0 0 0 0 0 0 0 0 0 0 0 14 0 0 0 0 0 0 0 0 0 0 0 0 0 0 0 0 0 0 0 0 0 0 0 0 6 0 32 0 0 0 0 0 0 4 0 0 0 0 0 0 0 0 0 0 0 0 0 0 0 0 0 0 0 0 0 0 0 0 0 0 0 0 0 10 0 0 14 0 0
hsa-miR-4640-3p 0 0 0 0 0 0 0 0 0 8 0 0 0 0 0 0 0 0 0 0 0 0 0 0 0 0 0 5 0 0 0 0 0 0 0 0 0 0 0 0 0 0 0 0 0 0 0 0 0 0 0 0 0 0 0 0 0 0 104 0 0 0 0 0 0 0 0 0 0 0 0 0 0 0 0 0 0 0 0 0 0 0 0 0 0 0 2 0 0 0 0 0 0 0 0 0
hsa-miR-4723-5p 0 0 0 0 0 0 0 0 0 18 34 0 0 0 0 0 0 0 0 0 0 0 0 0 0 0 0 0 0 0 0 0 0 0 17 0 0 0 0 6 0 0 0 8 0 0 0 48 0 84 0 14 0 0 40 0 0 90 0 0 42 0 0 0 4 0 0 0 0 0 0 0 0 0 0 0 24 0 0 0 18 0 0 0 0 0 0 0 0 0 0 0 0 0 0 0
hsa-miR-4755-5p 0 0 0 0 0 0 0 0 0 26 2 0 0 0 12 0 2 0 0 0 0 0 0 0 0 14 0 13 0 0 0 0 0 0 1 0 0 0 0 0 0 0 0 0 42 0 2 0 0 0 0 6 0 0 0 0 0 0 0 0 0 0 0 0 0 0 0 0 0 0 0 0 0 0 0 0 18 0 0 0 0 0 0 0 0 52 0 0 0 0 36 0 132 0 12 8
hsa-miR-496 0 0 0 0 0 0 0 0 0 64 2 108 0 0 0 0 0 0 0 0 0 0 0 0 0 0 0 0 0 0 10 0 33 0 0 0 1 29 0 1 0 0 0 0 0 58 0 0 0 0 0 14 12 0 44 0 0 112 0 0 0 0 0 0 0 38 0 0 32 0 0 0 0 0 0 0 0 0 0 0 0 66 80 0 0 0 0 0 0 0 0 0 0 0 0 0
hsa-miR-514a-5p 0 0 0 0 0 0 0 0 0 88 0 0 0 0 0 0 0 0 2 0 0 0 0 0 0 0 0 0 0 0 0 0 0 0 0 219 0 0 0 0 0 0 0 0 0 0 0 0 0 0 0 12 0 0 0 0 0 0 18 0 0 0 0 0 0 0 0 0 0 0 0 0 0 0 0 0 2 0 0 0 0 0 0 0 0 0 32 0 0 2 0 0 58 66 108 88
hsa-miR-548ab 0 0 0 0 0 0 0 0 0 12 0 0 0 0 28 0 0 0 0 0 0 0 0 0 25 0 0 0 0 0 0 0 0 0 0 0 0 0 13 0 0 0 66 0 0 0 4 0 0 12 0 10 0 0 0 0 0 0 32 0 0 0 0 2 0 30 0 0 0 0 0 0 0 12 0 2 0 0 0 0 74 22 0 0 0 0 26 38 0 0 0 0 80 0 0 0
hsa-miR-548ah-3p 0 0 0 0 0 0 0 0 0 52 0 0 0 0 10 0 0 0 0 0 0 0 0 0 1 0 0 0 0 0 0 0 1 0 0 0 0 0 0 0 0 0 0 0 0 0 0 0 0 36 0 4 0 0 0 0 0 0 0 0 80 0 0 0 0 0 0 0 0 0 0 0 0 0 0 0 0 0 0 2 0 0 0 0 0 0 0 0 0 0 14 0 0 0 0 0
hsa-miR-548ah-5p 0 0 0 0 0 0 0 0 0 160 0 74 0 0 42 0 0 0 4 0 0 0 0 0 1 0 0 0 0 0 0 0 0 0 0 0 0 1 0 0 0 0 73 0 2 0 0 0 0 748 0 110 0 0 0 0 2 0 0 0 378 0 0 0 0 0 0 0 0 0 0 0 2 0 0 0 0 0 0 0 2 0 0 0 0 0 0 0 0 58 0 0 0 0 0 0
hsa-miR-548d-5p 0 0 0 0 0 0 0 0 0 74 0 12 0 0 0 0 0 0 0 0 0 0 0 0 0 0 0 0 14 0 0 0 0 0 0 0 0 0 0 0 0 0 0 0 0 0 0 0 0 0 0 30 0 0 0 14 0 0 0 0 0 0 0 0 0 0 0 0 0 0 0 0 0 38 0 0 0 0 0 0 0 0 0 0 0 0 0 0 0 0 0 0 0 18 0 0
hsa-miR-548n 0 0 0 0 0 0 0 0 0 52 0 0 0 0 56 0 0 0 0 0 0 0 0 0 25 0 0 1 17 22 0 0 12 0 0 0 0 0 0 0 0 0 66 0 0 38 0 0 28 18 0 34 2 0 0 0 2 0 0 0 78 0 0 2 0 30 0 0 0 0 0 0 0 0 0 2 0 0 0 0 76 22 0 0 0 0 26 0 34 0 70 0 76 0 0 0
hsa-miR-548w 0 0 0 0 0 0 0 0 0 54 0 88 0 0 40 0 40 0 2 0 0 0 0 0 1 0 0 0 0 0 0 0 15 0 0 0 0 0 0 0 0 0 5 26 0 0 0 0 0 0 0 0 0 0 0 26 0 0 0 0 0 0 0 0 0 0 0 0 0 0 0 0 0 12 18 0 0 0 2 0 0 0 0 0 0 0 2 0 0 0 60 0 36 64 82 0
hsa-miR-552-5p 0 0 0 0 0 0 0 0 0 32 0 0 0 0 0 0 0 0 0 0 0 0 0 0 0 0 0 0 21 0 0 0 0 1 0 12 0 0 0 0 0 0 0 0 0 0 0 0 0 0 0 0 0 0 0 12 0 0 0 0 0 0 0 0 0 0 0 0 0 78 0 0 0 0 30 32 0 0 0 0 0 0 0 0 0 0 194 2 0 0 0 0 0 0 0 0
hsa-miR-5588-5p 0 0 0 0 0 0 0 0 0 2 0 0 0 0 2 0 12 0 12 0 0 0 0 0 2 5 0 0 0 0 0 0 0 15 8 0 0 0 0 0 0 0 0 0 0 14 0 0 0 0 0 0 0 0 22 0 0 0 0 0 32 0 0 0 0 0 0 32 0 0 0 0 0 0 0 0 0 0 0 0 0 0 0 0 0 0 0 0 0 0 0 0 0 0 0 0
hsa-miR-6509-3p 0 0 0 0 0 0 0 0 0 32 0 32 32 0 12 0 0 0 14 0 0 0 0 0 35 0 1 0 0 0 17 0 8 0 0 0 0 0 0 0 0 0 0 0 0 24 0 0 0 0 0 2 0 0 0 2 0 0 86 0 0 0 0 0 0 0 0 20 0 22 0 0 2 0 0 0 0 0 0 0 40 16 0 8 0 0 20 0 0 0 0 0 16 0 0 0
hsa-miR-6726-5p 0 0 0 0 0 0 0 0 0 6 0 0 0 0 0 0 0 0 0 0 0 0 0 0 0 0 0 0 0 0 18 0 0 0 0 0 0 0 0 0 0 0 0 0 0 0 0 0 0 0 0 0 0 0 0 0 0 0 0 0 0 0 0 0 0 0 0 0 0 0 0 0 0 0 0 0 0 0 0 0 0 0 0 0 0 0 0 0 0 0 0 0 0 0 0 0
hsa-miR-6730-3p 0 0 0 0 0 0 0 0 0 36 0 0 0 0 0 0 0 0 0 0 0 0 0 0 0 0 0 0 0 0 0 0 0 0 0 0 0 0 0 0 0 0 0 0 0 0 0 0 0 0 0 0 0 0 0 0 0 0 0 0 0 0 0 0 0 0 0 0 0 0 0 0 0 0 0 0 0 0 0 0 0 0 0 0 0 0 0 0 0 0 0 0 0 0 0 0
hsa-miR-6750-5p 0 0 0 0 0 0 0 0 0 6 0 0 0 0 0 0 0 0 0 0 0 0 72 0 0 0 0 0 0 0 1 0 0 0 0 0 0 0 0 0 7 0 0 0 0 0 0 0 0 0 0 78 0 0 0 0 4 0 0 0 0 0 0 0 0 0 0 0 0 0 0 0 0 60 0 0 0 0 0 0 0 12 0 0 0 0 0 0 0 0 0 0 0 0 0 0
hsa-miR-6763-3p 0 0 0 0 0 0 0 0 0 14 0 0 0 0 0 0 0 0 0 0 0 0 0 0 0 0 0 5 0 0 0 0 0 0 0 0 0 0 0 0 0 0 0 0 0 0 0 0 0 0 0 0 0 0 0 0 0 0 0 0 0 0 0 0 0 0 0 0 0 0 0 0 0 0 0 0 0 0 0 0 0 0 0 0 0 0 0 0 0 0 0 0 0 0 0 0
hsa-miR-6776-3p 0 0 0 0 0 0 0 0 0 40 0 0 0 0 0 0 0 0 0 0 0 0 0 0 0 0 0 0 0 0 0 0 0 0 0 0 0 0 0 0 0 0 0 0 0 0 0 0 0 0 0 0 0 0 0 0 0 0 0 0 0 0 0 0 0 0 0 0 0 0 0 0 0 0 0 0 0 0 0 0 0 0 0 0 0 0 0 0 0 0 0 0 0 0 0 0
hsa-miR-6815-5p 0 0 0 0 0 0 0 0 0 2 0 0 0 0 0 0 0 0 0 0 0 0 0 0 0 0 0 0 0 0 0 0 0 0 0 0 0 0 0 0 0 0 0 0 0 0 0 0 0 0 0 0 0 0 0 0 0 0 0 0 0 0 0 0 0 0 0 0 0 0 0 0 0 0 0 0 0 22 2 0 0 0 0 0 0 0 0 0 0 34 0 0 0 0 0 0
hsa-miR-6883-5p 0 0 0 0 0 0 0 0 0 28 0 0 0 0 0 0 0 0 0 0 0 0 144 0 0 0 0 0 0 0 0 0 0 0 0 0 0 0 0 0 0 0 0 0 0 0 0 0 0 0 0 0 0 0 0 0 0 0 0 0 0 0 0 0 0 0 0 0 0 0 0 0 0 0 0 0 0 0 0 0 0 0 0 16 0 0 0 0 0 0 0 0 0 0 0 0
hsa-miR-877-3p 0 0 0 0 0 0 0 0 0 2 0 20 0 0 0 0 0 0 8 34 2 0 10 0 0 23 0 1 0 0 7 0 0 6 0 0 0 23 0 0 0 0 0 0 32 0 0 0 30 0 0 16 0 0 0 0 0 0 0 0 0 0 0 0 70 0 0 0 0 0 0 0 0 0 2 0 0 0 0 0 0 0 0 22 0 0 0 18 0 0 292 358 360 166 35 90
hsa-miR-885-5p 0 0 0 0 0 0 0 0 0 78 0 0 0 0 0 0 0 0 0 0 0 0 0 0 0 0 0 0 0 0 0 0 1 0 0 0 0 0 0 0 0 0 0 0 0 0 4 0 220 28 0 0 0 0 0 0 4 0 0 2 0 0 0 0 0 18 0 0 0 0 0 4 0 0 0 0 0 0 0 0 0 0 0 0 0 0 0 0 0 0 0 0 0 0 0 0
hsa-miR-1243 0 0 0 0 0 0 0 0 0 0 2 0 0 0 0 0 0 0 0 0 0 0 0 0 0 0 0 0 0 0 0 0 0 0 0 0 0 0 0 0 0 0 0 0 0 0 0 0 0 24 0 0 0 0 0 0 0 0 0 0 0 0 0 0 0 0 0 0 0 0 0 0 0 0 0 0 0 0 0 0 0 0 0 0 0 0 0 0 0 0 0 0 0 0 0 0
hsa-miR-192-3p 0 0 0 0 0 0 0 0 0 0 38 0 0 0 0 0 0 0 0 2 0 42 0 0 0 0 0 8 0 0 6 0 0 0 0 0 0 0 0 0 0 0 0 0 0 0 0 0 0 0 0 0 0 0 0 0 0 0 0 0 0 0 0 0 0 0 0 0 0 0 0 0 0 10 0 0 0 0 0 0 0 0 0 0 0 0 0 0 0 0 14 0 0 0 0 0
hsa-miR-200a-5p 0 0 0 0 0 0 0 0 0 0 2 0 0 0 0 0 0 0 6 0 0 0 0 0 0 0 0 0 0 0 6 0 0 0 0 0 0 0 0 0 0 0 0 0 0 0 0 0 0 0 0 0 2 0 0 0 0 52 66 60 0 0 0 0 0 0 0 0 466 0 0 46 0 0 0 0 0 0 0 0 0 0 0 0 0 0 0 0 0 0 0 0 0 0 0 0
hsa-miR-200c-5p 0 0 0 0 0 0 0 0 0 0 12 0 0 0 0 0 0 0 0 0 0 0 0 0 0 0 0 0 0 0 0 0 1 0 0 0 0 0 0 0 0 0 0 0 0 0 0 10 0 0 0 0 0 0 0 0 0 0 0 0 0 0 0 0 0 0 0 22 18 0 0 0 0 0 78 0 0 0 4 0 0 0 0 2 0 0 0 0 0 0 0 0 0 0 0 0
hsa-miR-3127-5p 0 0 0 0 0 0 0 0 0 0 22 0 0 0 0 0 0 0 0 0 0 0 0 0 0 0 0 0 29 19 0 0 0 0 1 0 6 0 0 0 0 1 0 0 0 0 0 2 0 42 0 20 0 0 0 0 0 0 0 0 46 0 0 0 0 0 0 0 0 0 0 0 0 0 0 0 0 0 0 0 0 0 0 0 0 0 0 0 0 0 18 52 20 0 0 32
hsa-miR-3141 0 0 0 0 0 0 0 0 0 0 18 0 0 0 0 2 0 0 0 0 0 0 84 0 0 0 0 0 0 0 0 0 0 0 0 0 0 0 0 0 0 0 0 0 0 0 0 0 0 0 0 0 0 0 0 0 0 0 18 0 16 0 0 0 0 0 0 0 0 0 0 0 0 0 0 0 0 0 0 0 0 0 0 0 0 0 2 0 0 0 0 0 0 0 10 0
hsa-miR-363-5p 0 0 0 0 0 0 0 0 0 0 2 0 0 0 0 0 0 0 0 0 0 0 0 0 0 0 0 0 0 0 0 0 0 0 21 0 0 0 0 0 0 0 0 0 0 10 0 0 90 32 0 0 0 0 0 0 0 0 0 0 20 0 0 0 0 34 0 0 0 0 0 0 0 0 34 0 0 0 0 0 0 0 0 0 0 0 12 0 0 0 0 0 0 0 0 0
hsa-miR-4436a 0 0 0 0 0 0 0 0 0 0 22 0 0 0 0 0 0 0 0 0 0 0 0 0 9 0 0 0 0 0 0 0 0 0 5 0 32 0 0 0 43 0 41 0 38 2 2 0 24 0 0 0 0 0 0 0 0 0 0 0 16 0 0 0 0 0 0 0 0 0 0 36 0 84 0 0 0 0 0 0 0 0 0 0 0 0 0 0 0 0 0 0 0 0 0 0
hsa-miR-4470 0 0 0 0 0 0 0 0 0 0 2 0 0 0 40 0 0 0 0 0 0 10 0 0 0 0 0 0 0 0 0 0 0 0 0 0 7 0 0 0 0 26 0 0 0 14 0 0 0 0 0 0 0 0 0 0 0 0 0 0 0 0 0 0 0 0 0 0 0 0 0 0 0 0 0 0 0 0 0 0 0 0 0 0 0 0 0 0 0 0 0 0 0 0 13 0
hsa-miR-4539 0 0 0 0 0 0 0 0 0 0 54 0 0 0 0 0 0 0 0 0 0 0 0 0 0 0 0 2 0 0 0 0 0 0 0 0 0 0 1 0 0 0 0 0 2 0 0 0 0 0 0 0 0 0 0 0 0 0 0 0 0 0 0 0 0 0 0 0 0 0 0 0 0 0 0 0 0 0 0 0 0 0 0 0 0 0 0 0 0 0 0 0 0 0 0 0
hsa-miR-4651 0 0 0 0 0 0 0 0 0 0 34 0 2 0 0 0 0 54 8 42 0 0 0 0 0 0 0 0 18 4 0 0 0 0 0 9 48 1 0 0 14 0 17 0 68 0 32 0 0 0 72 16 0 0 0 0 2 0 0 0 0 0 0 0 0 0 2 0 0 2 0 0 0 46 0 0 10 0 0 0 0 0 0 0 0 0 0 4 0 22 0 0 0 14 0 56
hsa-miR-4721 0 0 0 0 0 0 0 0 0 0 10 0 0 0 20 0 0 0 0 0 0 0 0 0 0 0 0 0 0 0 1 0 0 0 0 0 0 0 0 0 0 42 0 0 62 44 0 2 0 0 0 0 0 0 0 0 0 0 4 0 2 0 0 0 74 0 0 0 0 0 0 0 0 0 0 0 0 0 0 250 0 0 0 0 0 0 16 0 0 0 0 0 4 0 0 0
hsa-miR-5001-5p 0 0 0 0 0 0 0 0 0 0 50 0 0 0 0 0 0 0 0 0 0 0 0 0 0 0 0 0 0 0 0 0 0 0 0 0 0 0 0 0 0 0 0 0 0 0 0 0 0 0 64 0 0 0 0 0 0 0 0 0 0 0 0 0 0 0 0 0 0 0 0 0 0 0 0 0 0 0 0 0 0 0 0 0 0 0 18 0 0 0 0 72 0 0 10 0
hsa-miR-5696 0 0 0 0 0 0 0 0 0 0 26 0 0 0 14 0 0 0 32 0 0 16 0 0 0 0 0 7 0 0 0 0 0 0 1 0 25 0 0 0 0 0 0 0 0 2 0 0 0 0 0 0 0 0 0 0 0 0 0 0 24 0 0 0 0 0 0 0 0 0 0 0 0 50 0 0 0 0 0 0 0 14 0 30 34 0 42 0 0 0 0 0 0 0 0 0
hsa-miR-572 0 0 0 0 0 0 0 0 0 0 26 0 0 0 0 0 0 0 0 0 0 0 0 0 0 0 0 0 0 0 0 0 0 0 0 0 0 0 0 0 0 0 0 0 0 0 0 0 0 0 0 0 0 0 0 0 0 0 0 0 0 0 0 0 0 0 0 0 0 0 0 0 0 0 0 0 0 0 0 0 0 0 0 0 0 0 0 0 0 0 0 0 0 0 0 0
hsa-miR-6754-3p 0 0 0 0 0 0 0 0 0 0 38 46 0 0 30 0 0 0 0 0 0 0 0 0 2 0 0 0 0 0 0 0 0 0 0 0 0 0 0 0 0 0 0 0 0 0 0 34 16 0 0 0 20 0 0 0 0 0 6 0 12 0 0 22 0 0 0 0 0 0 0 0 0 0 0 0 0 0 0 0 0 0 0 0 0 0 2 0 0 0 0 0 38 0 0 0
hsa-miR-6779-3p 0 0 0 0 0 0 0 0 0 0 14 0 0 0 0 0 8 0 0 0 0 14 0 0 0 0 0 6 0 0 0 0 0 0 0 0 0 0 0 0 0 0 0 0 0 0 0 0 12 0 0 0 0 0 0 0 0 0 0 0 0 0 0 0 0 0 0 0 0 0 0 0 0 0 0 0 0 0 0 0 0 0 0 0 0 0 0 0 0 0 0 0 0 0 0 0
hsa-miR-6875-5p 0 0 0 0 0 0 0 0 0 0 2 0 0 0 0 0 0 0 0 0 0 0 0 0 0 0 0 0 0 0 0 0 0 0 0 0 0 0 0 0 0 0 0 0 0 0 0 0 0 0 0 0 12 0 20 0 0 0 0 0 0 0 0 0 0 0 0 0 0 42 0 0 0 0 0 0 0 0 0 0 0 0 0 0 0 0 0 0 0 0 0 0 0 4 0 0
hsa-miR-7113-3p 0 0 0 0 0 0 0 0 0 0 12 0 0 0 0 12 0 0 0 0 0 0 0 0 0 0 0 0 0 0 0 0 0 0 0 0 0 0 0 0 0 0 0 0 0 0 0 0 0 0 0 0 0 0 0 0 0 0 0 0 0 0 0 0 0 0 0 0 0 0 0 0 0 0 0 0 0 0 0 0 20 0 0 0 0 0 0 0 0 0 0 0 0 0 0 0
hsa-miR-7845-5p 0 0 0 0 0 0 0 0 0 0 28 18 0 0 12 0 0 0 14 134 0 0 0 0 32 0 0 0 0 0 1 0 0 25 0 6 0 0 0 0 0 0 0 0 0 0 0 0 0 0 32 36 0 0 0 0 4 0 0 0 74 0 0 0 0 0 0 0 0 0 0 0 0 0 0 0 0 0 0 0 0 12 0 0 0 0 32 0 0 0 0 0 0 0 0 0
hsa-miR-1237-5p 0 0 0 0 0 0 0 0 0 0 0 24 0 0 4 0 0 0 0 0 0 0 0 0 0 0 0 0 0 0 0 0 0 0 0 0 0 0 0 0 0 0 0 0 0 0 0 0 0 12 0 0 0 0 0 0 0 0 0 0 0 0 0 0 0 0 0 0 0 0 0 0 0 0 0 0 0 0 14 0 0 0 0 0 0 0 0 0 0 0 0 0 0 0 0 0
hsa-miR-1238-3p 0 0 0 0 0 0 0 0 0 0 0 30 0 0 0 0 0 0 0 0 0 0 0 0 0 0 0 0 0 0 0 0 0 0 0 0 0 0 0 0 0 0 0 0 0 0 0 0 0 0 0 0 0 0 0 0 0 0 0 0 0 0 0 0 0 0 0 0 0 0 0 0 0 0 0 0 0 0 0 0 0 0 0 0 0 0 0 0 0 0 0 0 0 0 0 0
hsa-miR-1256 0 0 0 0 0 0 0 0 0 0 0 42 0 0 0 0 0 0 0 0 0 0 0 0 0 0 0 0 0 0 0 0 0 0 0 0 0 0 0 0 0 0 0 0 0 0 0 0 0 0 0 0 0 36 0 0 0 0 0 0 0 0 0 0 0 0 0 0 0 0 0 0 0 0 0 0 0 0 0 0 0 0 0 0 0 0 0 0 0 0 110 0 66 24 0 0
hsa-miR-1273h-5p 0 0 0 0 0 0 0 0 0 0 0 22 0 0 36 0 0 0 0 0 0 0 0 0 0 0 0 0 0 0 0 0 0 0 0 0 0 0 0 0 1 0 0 0 0 0 0 0 0 0 0 0 0 0 0 0 0 0 0 0 0 0 0 0 0 0 0 0 0 0 0 0 0 0 0 0 0 0 0 0 0 0 0 0 0 0 0 0 0 0 26 0 62 0 0 0
hsa-miR-130a-5p 0 0 0 0 0 0 0 0 0 0 0 14 0 0 0 0 0 0 0 0 0 0 0 0 21 0 0 3 0 0 0 0 0 0 0 0 0 0 0 0 0 0 0 0 0 0 0 0 0 0 0 0 0 0 0 0 2 0 0 0 0 0 0 0 0 0 0 0 0 0 0 0 0 0 0 0 0 0 0 0 0 0 0 0 0 0 0 0 0 0 0 0 0 0 0 0
hsa-miR-1914-3p 0 0 0 0 0 0 0 0 0 0 0 38 0 0 0 0 0 0 0 0 0 0 0 0 0 0 0 0 0 0 0 0 0 0 0 0 0 0 0 0 0 0 0 0 0 0 0 0 0 0 0 0 0 0 0 0 0 0 0 0 0 0 0 0 4 0 0 0 0 0 0 0 0 0 0 0 0 0 0 0 0 0 0 0 0 0 0 0 0 0 0 0 38 52 0 0
hsa-miR-216b-5p 0 0 0 0 0 0 0 0 0 0 0 2 0 0 0 0 0 0 0 0 0 0 88 0 0 0 0 0 0 0 14 0 0 0 0 0 8 0 0 0 0 0 0 0 2 8 0 0 0 0 0 0 0 0 50 0 0 0 70 0 0 0 0 0 0 0 0 0 0 0 0 0 0 0 0 0 0 0 0 0 0 0 0 0 0 0 0 54 0 0 0 0 0 0 0 0
hsa-miR-2277-3p 0 0 0 0 0 0 0 0 0 0 0 84 0 0 36 0 0 0 0 0 0 0 0 0 0 0 0 0 0 0 9 0 0 0 0 0 0 0 16 0 0 0 0 0 0 60 22 0 64 18 0 28 0 0 0 0 0 0 0 0 6 0 0 0 0 0 0 0 0 0 0 0 0 40 0 0 0 0 6 0 0 0 0 0 0 0 0 0 0 0 58 76 38 8 16 0
hsa-miR-2278 0 0 0 0 0 0 0 0 0 0 0 16 0 0 0 0 0 0 0 0 0 0 0 0 0 0 0 2 0 0 0 0 0 0 0 0 0 0 0 0 0 0 8 0 0 0 0 0 0 0 2 0 0 0 0 0 0 0 0 0 0 0 0 0 0 0 0 0 0 0 0 0 0 28 2 0 0 0 0 0 0 0 0 0 0 0 0 0 0 0 78 0 0 0 0 0
hsa-miR-2355-5p 0 0 0 0 0 0 0 0 0 0 0 50 0 0 0 0 0 0 0 0 0 0 0 0 0 0 0 0 0 0 11 0 0 0 0 0 0 0 0 0 0 0 0 0 0 40 0 0 14 0 0 0 0 0 0 8 0 0 10 0 0 0 0 0 0 0 0 0 148 0 0 66 0 0 12 0 0 0 0 0 0 0 0 0 0 0 0 0 0 0 0 0 0 0 0 0
hsa-miR-3065-3p 0 0 0 0 0 0 0 0 0 0 0 44 0 0 0 0 0 0 8 0 0 0 0 0 0 0 0 0 0 0 0 0 0 0 0 0 0 0 0 0 0 0 0 2 0 0 0 0 0 0 34 0 0 0 0 0 0 0 0 0 0 0 0 0 0 0 0 0 0 0 0 0 0 0 72 0 0 0 0 0 0 56 14 0 0 0 0 0 0 0 0 0 0 0 0 0
hsa-miR-3127-3p 0 0 0 0 0 0 0 0 0 0 0 64 0 0 0 0 0 0 0 0 0 0 0 0 0 0 0 4 0 0 0 0 0 0 0 0 0 0 0 0 0 1 0 0 0 2 0 0 6 0 0 0 0 0 0 0 0 0 0 2 102 0 0 0 0 0 0 0 0 0 0 0 0 58 0 0 24 0 0 0 0 0 0 14 80 0 0 0 0 0 0 0 36 12 27 0
hsa-miR-3129-3p 0 0 0 0 0 0 0 0 0 0 0 32 72 0 0 0 0 0 0 0 0 0 0 26 0 0 0 1 0 0 0 1 0 0 0 0 0 0 0 39 0 0 0 0 0 0 0 0 0 0 0 0 0 0 0 0 0 0 4 0 0 10 0 0 0 0 0 0 0 0 0 0 0 0 0 36 0 0 0 40 0 0 0 0 0 0 0 0 0 0 72 0 0 0 0 0
hsa-miR-3158-5p 0 0 0 0 0 0 0 0 0 0 0 30 0 0 0 0 0 0 0 0 0 0 0 0 0 0 0 0 0 0 0 0 0 0 0 0 0 0 0 0 0 0 0 0 0 0 0 0 0 0 0 0 0 0 0 0 0 0 0 0 0 0 0 0 0 0 0 0 0 0 0 0 0 0 0 0 0 0 0 0 0 0 0 0 0 0 0 0 0 0 0 0 0 0 0 0
hsa-miR-3162-3p 0 0 0 0 0 0 0 0 0 0 0 16 0 0 0 0 0 0 0 0 0 0 0 0 0 0 0 0 0 0 0 0 0 0 0 0 0 0 0 0 0 0 0 0 0 0 0 0 0 0 0 0 0 0 0 0 0 0 0 0 0 0 0 20 0 0 0 0 0 0 0 0 0 0 0 0 0 0 0 0 0 0 0 0 0 0 2 0 0 0 0 0 0 0 0 0
hsa-miR-3173-3p 0 0 0 0 0 0 0 0 0 0 0 60 0 0 0 0 0 0 0 0 0 16 0 0 0 1 0 0 0 0 0 0 0 9 0 0 0 0 0 0 0 0 0 0 0 0 0 0 0 0 0 0 0 0 0 0 0 0 0 0 16 0 0 0 0 0 0 0 0 0 0 0 0 0 0 0 0 0 0 0 0 0 0 0 0 0 0 0 0 0 38 0 0 0 79 0
hsa-miR-346 0 0 0 0 0 0 0 0 0 0 0 38 0 0 0 0 0 0 0 0 0 0 0 42 0 0 0 0 0 13 0 0 0 0 0 0 3 0 0 0 0 0 0 0 0 0 0 0 0 0 0 0 22 0 0 0 0 0 0 0 0 0 0 6 0 0 0 0 0 0 0 0 0 0 0 0 0 0 0 0 0 0 0 0 0 0 2 0 0 0 0 0 0 34 0 18
hsa-miR-34c-5p 0 0 0 0 0 0 0 0 0 0 0 16 0 0 0 0 0 0 14 0 0 0 42 40 0 0 0 0 0 0 0 0 0 0 0 0 6 0 0 0 0 0 0 0 0 22 0 2 0 0 0 94 0 32 54 0 8 0 0 0 0 0 0 0 0 0 0 0 0 0 0 0 0 18 0 0 0 0 0 0 0 0 0 0 0 0 2 0 0 0 328 6 536 52 176 258
hsa-miR-3620-5p 0 0 0 0 0 0 0 0 0 0 0 4 0 0 22 0 0 0 2 54 0 0 0 0 5 0 0 0 0 0 43 0 1 0 0 0 0 15 0 6 0 0 0 0 0 0 0 70 58 60 0 34 0 0 0 0 0 0 0 0 0 0 0 0 0 2 0 112 0 0 0 0 0 0 8 0 0 0 0 0 0 0 0 52 0 0 42 0 0 0 0 0 0 0 2 86
hsa-miR-3680-5p 0 0 0 0 0 0 0 0 0 0 0 10 0 0 0 0 0 0 0 0 0 0 0 0 0 0 0 0 0 0 0 0 0 0 0 0 0 0 0 0 0 0 0 0 0 0 0 0 0 0 0 0 0 0 0 0 0 0 64 0 0 0 0 0 0 0 0 0 0 0 0 0 0 0 0 0 0 0 0 0 0 0 0 0 0 0 0 0 0 0 0 0 0 0 0 0
hsa-miR-376b-5p 0 0 0 0 0 0 0 0 0 0 0 42 0 0 0 0 0 0 0 0 0 0 0 0 0 0 0 0 0 0 0 0 0 0 0 0 0 0 0 0 0 0 0 0 0 0 0 0 0 0 0 6 28 0 0 0 0 0 0 0 0 0 0 0 0 0 0 0 0 0 0 0 0 0 0 0 0 0 0 0 0 0 0 0 0 0 0 0 0 0 0 0 0 0 0 0
hsa-miR-376c-5p 0 0 0 0 0 0 0 0 0 0 0 42 0 0 0 0 0 0 0 0 0 0 0 0 0 0 0 0 0 0 0 0 0 0 0 0 0 0 0 0 0 0 0 0 0 0 0 0 0 0 0 6 28 0 0 0 0 0 0 0 0 0 0 0 0 0 0 0 0 0 0 0 0 0 0 0 0 0 0 0 0 0 0 0 0 0 0 0 0 0 0 0 0 0 0 0
hsa-miR-380-5p 0 0 0 0 0 0 0 0 0 0 0 80 0 0 0 0 0 0 0 0 0 0 0 0 0 1 0 0 0 0 0 0 0 0 0 0 0 0 0 0 0 0 0 0 0 0 0 0 0 0 0 0 0 0 0 0 0 0 0 0 0 0 0 0 0 0 0 0 0 0 0 0 0 0 0 0 0 0 0 0 0 0 0 0 0 0 0 0 0 0 0 0 0 0 0 0
hsa-miR-3942-5p 0 0 0 0 0 0 0 0 0 0 0 44 0 0 0 0 0 0 0 0 0 0 0 0 0 0 0 0 0 0 0 0 0 0 0 0 7 0 0 0 0 0 0 0 0 0 0 0 0 0 0 0 0 0 0 0 0 0 0 0 0 0 0 0 0 0 0 0 0 0 0 0 0 0 20 0 0 0 0 0 0 0 0 2 0 0 0 0 0 0 8 32 100 22 0 0
hsa-miR-4440 0 0 0 0 0 0 0 0 0 0 0 36 0 0 0 0 0 0 0 0 0 0 0 0 0 0 0 0 0 0 0 0 0 0 38 0 1 0 0 0 0 1 0 0 0 0 0 0 8 0 0 60 0 0 0 0 0 0 0 0 0 0 0 0 94 0 0 0 0 0 0 0 0 54 0 0 24 0 2 0 0 0 0 0 0 0 0 0 0 0 40 66 34 0 0 0
hsa-miR-4500 0 0 0 0 0 0 0 0 0 0 0 34 0 0 0 0 0 0 0 0 0 0 0 0 0 0 0 0 0 0 0 0 0 0 0 0 0 0 0 0 0 0 0 0 0 0 0 0 0 0 0 0 0 0 0 0 0 0 0 0 0 0 0 0 0 0 0 0 0 0 0 0 0 0 0 0 0 0 0 0 0 0 0 0 0 0 0 0 0 0 0 0 0 0 0 0
hsa-miR-4643 0 0 0 0 0 0 0 0 0 0 0 26 0 0 0 0 0 0 0 0 0 0 0 0 0 0 0 0 0 0 0 0 0 0 0 0 0 0 0 0 0 0 0 0 0 0 0 0 0 0 0 0 0 0 0 0 0 0 0 0 0 0 0 0 0 0 0 0 0 0 0 0 0 0 0 0 0 0 0 0 0 0 0 0 0 0 0 0 0 0 64 0 0 0 0 0
hsa-miR-4646-3p 0 0 0 0 0 0 0 0 0 0 0 6 0 0 0 0 0 0 0 0 0 0 0 0 0 0 7 0 0 0 6 0 0 0 0 6 0 0 0 0 0 0 0 0 4 0 0 0 0 0 0 10 0 0 0 0 0 0 0 0 0 0 0 0 0 0 0 0 0 0 0 0 0 0 0 0 0 0 0 0 0 0 0 0 0 0 12 0 0 0 28 0 0 0 0 0
hsa-miR-4657 0 0 0 0 0 0 0 0 0 0 0 2 0 0 0 0 0 0 0 0 0 0 0 0 0 0 0 0 0 0 0 0 8 0 0 0 0 0 0 0 0 0 0 0 0 0 0 0 0 0 0 0 0 0 0 0 0 0 0 0 0 0 0 0 0 0 0 0 0 0 0 24 0 0 0 0 0 0 0 0 0 0 0 6 0 0 46 0 0 0 0 0 0 0 0 0
hsa-miR-4659b-5p 0 0 0 0 0 0 0 0 0 0 0 60 0 0 0 0 0 0 0 0 0 0 60 0 0 0 0 0 0 0 0 0 17 0 7 0 0 0 0 0 0 0 0 2 0 28 0 0 0 0 0 52 0 0 0 72 4 0 0 0 0 0 0 0 0 0 0 0 0 0 0 0 0 0 0 0 0 0 0 0 0 0 0 0 0 0 0 0 0 0 0 0 0 0 0 0
hsa-miR-4662a-3p 0 0 0 0 0 0 0 0 0 0 0 40 0 0 0 0 0 0 0 0 0 0 0 0 10 0 0 0 0 0 0 0 0 0 0 0 0 0 0 0 0 0 0 0 0 0 0 0 0 0 0 0 0 0 0 0 0 0 0 0 0 0 0 0 0 0 0 0 12 0 0 0 0 0 14 0 0 0 0 0 0 0 0 0 0 0 0 0 0 0 0 0 0 0 0 0
hsa-miR-4662b 0 0 0 0 0 0 0 0 0 0 0 86 0 0 0 0 0 0 0 0 0 0 0 0 0 0 0 0 0 0 0 0 0 0 0 0 0 0 0 0 0 0 0 0 0 0 0 0 0 0 0 0 0 0 0 0 0 0 56 0 0 0 0 0 0 0 0 0 0 0 0 0 0 0 0 0 0 0 0 0 0 0 0 0 0 0 0 0 0 0 0 0 0 0 0 0
hsa-miR-4665-5p 0 0 0 0 0 0 0 0 0 0 0 10 0 2 0 0 0 0 0 0 0 0 0 0 4 0 0 0 0 1 34 0 0 0 0 0 0 0 0 0 0 0 0 0 0 0 0 0 0 0 0 0 8 0 0 0 0 0 2 0 0 0 0 0 0 0 0 0 0 0 0 0 0 0 0 0 0 0 0 2 0 0 0 0 0 0 30 2 0 0 200 410 84 0 64 0
hsa-miR-4687-5p 0 0 0 0 0 0 0 0 0 0 0 66 40 0 8 0 0 0 18 0 0 18 14 0 18 0 0 12 7 0 40 10 0 6 0 0 0 1 8 0 18 0 0 0 0 0 0 0 0 0 0 0 0 0 0 0 0 0 0 0 76 0 0 0 0 4 0 20 0 0 0 0 0 22 0 0 0 0 0 0 0 4 0 0 0 14 18 0 0 22 0 0 38 8 0 0
hsa-miR-4712-5p 0 0 0 0 0 0 0 0 0 0 0 20 0 0 0 0 0 0 0 0 0 0 0 0 0 0 0 0 0 0 0 0 0 0 0 0 0 0 0 0 0 0 0 0 0 0 0 0 0 0 0 0 0 0 0 0 0 0 0 18 0 0 0 0 0 0 0 0 0 0 0 0 0 0 0 0 0 0 0 0 0 0 0 0 0 0 0 0 0 0 0 0 0 0 0 0
hsa-miR-4758-5p 0 0 0 0 0 0 0 0 0 0 0 40 0 0 0 0 0 0 0 0 0 0 0 0 0 0 0 0 0 0 0 0 0 0 0 0 0 0 0 0 0 0 1 0 0 0 0 0 0 0 0 0 36 0 0 0 0 0 0 0 0 0 0 0 0 0 0 0 0 0 0 0 0 0 0 0 0 0 0 0 0 14 0 0 0 0 0 0 0 0 0 0 0 0 0 0
hsa-miR-4795-5p 0 0 0 0 0 0 0 0 0 0 0 68 0 0 16 0 0 0 0 0 0 0 0 0 0 0 0 0 0 0 0 0 0 0 0 0 0 0 0 0 0 0 0 0 0 0 0 0 0 0 0 0 0 0 0 0 0 0 0 0 0 0 0 0 0 0 0 0 26 0 0 0 0 0 0 0 0 0 0 0 0 0 8 0 0 0 0 0 0 0 0 0 0 0 0 0
hsa-miR-4799-5p 0 0 0 0 0 0 0 0 0 0 0 24 0 0 0 0 0 0 0 0 0 0 0 2 0 0 0 0 0 0 0 0 0 0 4 0 0 0 0 0 0 0 0 0 0 0 0 0 0 0 0 28 0 0 0 0 0 50 0 0 0 0 0 0 0 0 0 0 0 14 0 0 0 0 0 0 0 0 0 0 0 0 0 0 0 0 0 0 0 0 0 0 0 0 0 0
hsa-miR-4999-3p 0 0 0 0 0 0 0 0 0 0 0 50 0 0 8 0 0 0 0 0 0 2 0 0 0 0 0 2 0 0 0 0 0 0 0 0 0 0 0 0 0 0 0 0 0 0 0 0 0 18 0 0 0 0 0 0 0 0 46 0 0 0 0 0 0 30 0 0 0 0 0 0 0 0 0 0 24 0 0 0 0 0 0 0 0 46 0 0 0 0 0 0 16 24 0 0
hsa-miR-5195-5p 0 0 0 0 0 0 0 0 0 0 0 84 0 0 0 0 0 0 0 0 0 0 0 0 0 0 0 2 0 0 0 0 0 0 0 0 0 0 0 0 0 0 0 0 0 0 0 0 0 0 0 0 34 0 0 0 0 0 0 0 0 0 0 0 0 0 0 0 0 0 0 0 0 0 0 0 0 0 0 0 0 6 0 2 0 0 0 0 0 0 0 0 0 0 0 0
hsa-miR-544b 0 0 0 0 0 0 0 0 0 0 0 86 0 0 2 0 0 0 0 0 0 0 0 0 0 0 0 0 0 8 14 0 0 0 1 0 0 0 0 1 0 0 0 0 0 0 0 0 0 0 0 30 0 0 0 0 0 0 0 0 0 0 0 0 0 0 0 0 0 0 0 0 0 0 0 0 0 0 0 0 0 0 0 0 0 0 0 0 0 0 0 0 0 0 0 0
hsa-miR-548ad-5p 0 0 0 0 0 0 0 0 0 0 0 54 0 0 22 0 20 0 10 0 0 0 0 2 0 0 0 4 0 0 0 0 0 0 0 0 0 18 0 0 1 0 0 0 0 0 2 0 12 34 0 0 0 0 0 0 0 0 60 0 28 0 0 0 2 0 0 0 0 0 0 0 0 2 0 0 0 0 0 2 0 0 0 0 0 0 24 0 0 0 84 0 46 0 0 0
hsa-miR-548ai 0 0 0 0 0 0 0 0 0 0 0 2 0 0 0 0 22 0 0 0 0 0 0 0 0 0 0 1 0 0 0 0 0 0 17 0 0 0 0 0 0 0 0 0 0 0 0 0 0 0 0 0 0 0 0 0 0 0 0 0 0 0 0 0 0 0 0 0 0 0 0 0 0 0 0 0 0 0 0 0 0 0 0 0 0 0 0 0 0 0 42 0 0 0 0 0
hsa-miR-548at-3p 0 0 0 0 0 0 0 0 0 0 0 22 0 0 0 0 0 0 0 0 0 0 0 0 0 0 0 0 0 0 0 0 0 0 0 0 0 0 0 0 0 0 0 0 0 0 0 0 0 0 0 0 0 0 16 0 0 0 36 0 0 0 0 0 0 0 0 0 0 0 0 16 0 26 0 0 0 0 0 0 0 0 0 0 0 0 0 0 0 0 0 0 0 0 0 0
hsa-miR-548p 0 0 0 0 0 0 0 0 0 0 0 32 0 0 0 0 0 0 2 0 0 0 0 72 0 0 0 0 0 0 0 0 0 0 0 0 0 0 0 0 0 0 20 0 0 0 0 0 0 362 0 0 0 0 0 0 0 0 62 0 0 0 0 0 0 0 0 0 0 0 0 0 0 0 0 0 0 0 0 0 0 0 0 0 0 0 54 0 0 0 0 30 22 58 0 0
hsa-miR-550b-2-5p 0 0 0 0 0 0 0 0 0 0 0 28 0 0 0 0 0 24 0 0 0 0 0 0 0 0 0 0 0 0 0 0 0 0 0 0 0 0 0 0 0 0 0 0 0 0 0 0 0 0 0 0 0 0 0 0 0 0 30 0 0 0 0 0 0 0 0 0 0 0 0 0 0 0 0 0 0 0 0 0 0 0 0 0 30 0 0 0 0 0 0 0 0 48 0 0
hsa-miR-5581-3p 0 0 0 0 0 0 0 0 0 0 0 24 0 0 14 0 0 0 0 0 0 0 0 0 0 0 0 0 0 0 0 0 1 0 0 14 0 14 18 1 0 18 0 0 0 0 0 0 4 0 0 0 10 0 4 0 0 0 2 0 0 0 0 0 0 0 0 62 0 0 0 0 0 0 0 14 0 2 0 0 0 0 10 0 2 0 0 0 0 0 250 222 194 72 44 36
hsa-miR-5588-3p 0 0 0 0 0 0 0 0 0 0 0 36 0 0 0 0 0 0 52 0 0 0 0 0 0 0 4 0 0 0 0 0 0 0 0 0 0 0 0 0 0 0 0 0 0 14 68 0 0 0 0 42 6 0 0 0 0 0 0 0 20 0 0 0 0 0 0 0 0 0 0 0 0 0 22 0 0 0 0 0 0 0 0 0 0 0 0 0 0 0 0 0 0 0 0 0
hsa-miR-5697 0 0 0 0 0 0 0 0 0 0 0 56 0 0 0 0 0 0 0 0 0 0 0 0 0 0 0 0 0 0 0 0 0 0 0 0 12 0 8 0 0 0 0 0 0 0 0 0 0 0 0 0 0 0 0 0 0 0 0 0 38 0 0 0 0 0 0 0 0 0 0 0 0 0 0 0 0 0 0 0 0 0 0 0 0 0 0 0 0 0 0 0 0 0 0 0
hsa-miR-611 0 0 0 0 0 0 0 0 0 0 0 60 0 0 0 0 0 0 0 0 0 0 0 0 0 0 0 13 0 0 0 0 0 0 0 0 0 0 0 0 0 0 0 0 0 0 0 0 0 0 0 0 0 0 0 0 0 0 0 0 0 0 0 0 0 0 0 0 0 0 0 0 0 0 0 0 0 0 0 0 0 0 0 0 0 0 0 0 0 0 38 0 0 0 0 0
hsa-miR-624-3p 0 0 0 0 0 0 0 0 0 0 0 56 0 0 0 0 26 2 0 0 0 0 0 0 0 1 3 3 0 0 0 0 20 0 0 0 0 1 0 0 0 24 0 0 0 0 0 0 12 0 0 0 0 0 0 16 0 0 0 0 0 0 0 0 12 0 0 0 0 0 0 0 0 0 64 0 0 0 0 0 0 0 0 0 0 0 0 0 0 0 26 62 70 0 0 0
hsa-miR-668-3p 0 0 0 0 0 0 0 0 0 0 0 28 0 0 0 0 0 0 0 0 0 0 54 0 0 0 0 0 0 0 0 0 7 0 0 33 0 8 0 0 0 0 0 0 0 0 0 0 0 0 0 20 0 0 0 0 24 76 0 0 0 0 0 0 0 28 0 0 0 0 0 0 0 0 0 0 0 0 0 0 0 0 0 0 0 0 0 0 0 0 0 0 0 0 0 0
hsa-miR-6767-5p 0 0 0 0 0 0 0 0 0 0 0 12 0 0 0 0 0 0 0 0 0 0 0 0 0 0 0 0 29 0 0 0 0 0 0 0 0 0 0 0 0 0 0 0 0 0 0 0 0 0 0 70 0 0 0 0 0 0 0 0 0 0 0 0 0 0 0 0 0 0 0 0 0 0 0 0 0 0 0 0 0 0 0 0 0 0 0 0 0 0 0 0 0 16 70 0
hsa-miR-6770-3p 0 0 0 0 0 0 0 0 0 0 0 54 0 0 0 0 0 0 0 0 0 0 0 0 0 0 0 0 0 0 0 0 0 0 0 0 0 0 0 0 0 0 0 0 0 0 0 0 0 0 0 16 2 0 0 0 0 0 0 0 0 0 0 0 0 0 0 0 0 0 0 0 0 0 0 0 0 0 0 0 0 0 0 0 0 0 0 0 0 0 0 0 0 0 0 0
hsa-miR-6774-3p 0 0 0 0 0 0 0 0 0 0 0 72 0 0 0 0 0 0 0 0 0 0 0 0 0 0 0 0 0 0 0 0 0 0 0 0 0 0 0 0 0 0 0 6 0 0 0 0 0 0 0 0 0 0 0 0 0 0 0 0 0 0 0 0 0 0 0 0 0 0 0 0 0 0 0 0 0 0 0 0 0 0 2 0 0 0 0 0 0 0 0 0 0 0 0 0
hsa-miR-6779-5p 0 0 0 0 0 0 0 0 0 0 0 14 0 0 0 0 0 2 0 0 0 0 0 0 0 0 0 0 0 0 0 0 0 0 0 0 0 0 0 0 0 0 0 0 0 0 0 0 0 0 0 0 0 0 0 10 0 0 0 0 0 0 0 0 0 0 0 0 0 0 0 0 0 0 0 0 0 0 0 0 0 0 0 0 0 0 0 0 0 0 0 0 0 20 0 0
hsa-miR-6806-3p 0 0 0 0 0 0 0 0 0 0 0 14 0 0 0 0 0 0 0 0 0 0 40 0 0 0 0 0 0 0 15 0 0 0 7 0 0 0 0 0 0 0 0 0 0 0 0 0 0 0 0 0 0 0 0 0 0 0 0 0 0 0 0 0 0 0 0 0 0 0 0 0 0 0 0 0 0 0 0 0 0 0 0 0 0 0 0 0 0 0 0 0 0 0 0 0
hsa-miR-6812-3p 0 0 0 0 0 0 0 0 0 0 0 20 0 0 0 0 0 0 0 0 0 0 0 0 4 0 0 4 0 0 0 0 0 0 0 0 0 0 7 0 0 0 0 0 2 0 0 0 0 0 0 0 0 0 0 0 0 0 0 0 0 0 0 0 0 0 0 0 0 0 0 0 0 0 0 0 0 0 0 0 0 0 0 0 0 0 0 0 0 0 0 0 0 0 0 0
hsa-miR-6869-5p 0 0 0 0 0 0 0 0 0 0 0 52 0 0 0 0 0 0 0 0 0 0 0 0 0 0 0 0 0 0 3 0 0 0 0 0 0 0 0 0 0 0 0 0 0 0 0 0 0 0 0 0 46 0 0 0 0 0 0 0 0 0 0 0 0 0 0 0 0 0 0 0 0 0 0 0 0 0 0 0 0 0 0 0 0 0 4 0 0 0 0 0 0 0 0 0
hsa-miR-6873-3p 0 0 0 0 0 0 0 0 0 0 0 16 0 0 4 0 0 0 2 0 0 0 72 0 0 0 0 8 0 13 0 15 0 1 12 0 0 20 0 0 0 0 0 0 0 0 0 0 0 0 0 0 0 0 0 16 0 0 0 0 0 0 0 0 6 0 0 0 0 0 0 0 0 0 26 0 0 0 0 0 0 0 0 0 2 28 0 0 78 0 74 40 102 0 0 0
hsa-miR-6875-3p 0 0 0 0 0 0 0 0 0 0 0 72 0 0 0 0 0 0 0 0 0 0 0 0 0 0 1 0 0 0 0 0 0 0 0 0 0 0 0 0 0 0 0 0 0 0 0 0 0 0 0 0 0 0 0 0 0 0 0 0 0 0 78 0 0 22 0 0 0 0 0 0 0 14 0 0 0 0 0 0 0 0 0 0 0 0 0 0 0 0 0 0 0 2 0 0
hsa-miR-6879-3p 0 0 0 0 0 0 0 0 0 0 0 52 0 0 0 0 0 22 0 0 0 0 0 0 0 0 0 5 0 0 0 0 0 0 0 0 0 0 0 0 0 0 37 2 8 38 0 0 0 0 76 0 0 70 12 2 56 0 124 0 0 0 32 0 0 0 0 0 0 0 0 0 0 0 0 0 0 0 0 0 0 0 0 0 100 0 38 0 0 0 0 0 0 0 0 0
hsa-miR-6884-5p 0 0 0 0 0 0 0 0 0 0 0 56 0 0 0 0 0 0 0 0 0 0 56 0 0 0 0 1 0 0 0 0 0 0 0 12 0 0 0 0 0 0 0 0 0 0 0 0 48 24 0 0 0 0 0 26 0 0 0 0 0 0 0 0 0 12 0 0 0 0 0 0 0 0 0 0 0 0 0 0 0 0 0 0 0 0 0 0 0 0 0 0 0 0 0 0
hsa-miR-7106-3p 0 0 0 0 0 0 0 0 0 0 0 18 0 0 0 0 0 0 0 0 0 0 0 0 0 0 0 0 0 0 0 0 0 0 0 0 0 0 0 0 0 0 0 0 0 0 0 0 0 0 0 0 0 0 0 0 0 0 0 0 0 0 0 0 0 0 0 0 0 0 0 0 0 0 0 0 2 0 0 0 0 0 18 0 0 0 0 0 0 0 0 0 40 0 0 0
hsa-miR-7849-3p 0 0 0 0 0 0 0 0 0 0 0 18 0 0 0 0 0 0 0 0 0 0 0 0 0 0 0 0 0 0 0 0 0 0 0 0 0 0 0 0 0 0 0 0 0 0 0 0 0 0 0 0 0 0 0 0 0 0 0 0 0 0 0 0 0 18 0 0 0 0 0 0 0 0 0 0 0 0 0 0 0 0 0 0 0 0 0 0 0 0 0 0 0 0 0 0
hsa-miR-938 0 0 0 0 0 0 0 0 0 0 0 28 0 0 0 0 0 0 0 0 0 0 0 0 0 0 0 0 0 0 0 0 0 0 0 0 0 0 0 0 0 0 0 0 0 0 0 0 0 0 0 0 0 0 0 0 0 0 0 0 0 0 0 0 0 0 0 0 0 0 0 0 0 0 0 0 0 0 0 0 0 0 0 0 0 0 0 0 0 0 0 0 0 0 0 0
hsa-miR-1228-5p 0 0 0 0 0 0 0 0 0 0 0 0 2 0 0 0 0 0 0 0 0 0 0 0 0 0 0 0 0 0 0 0 0 0 0 0 0 0 0 0 0 0 0 0 54 0 0 0 0 0 0 0 0 0 0 0 0 0 0 0 8 0 0 0 0 0 0 0 0 0 0 0 0 0 0 0 0 0 0 0 0 0 0 0 0 0 0 0 0 0 0 0 0 0 0 0
hsa-miR-1268a 0 0 0 0 0 0 0 0 0 0 0 0 16 0 14 0 0 0 0 0 4 76 484 0 0 0 0 0 0 1 0 0 0 0 0 6 0 19 5 0 321 0 0 2 0 0 348 0 20 20 0 70 6 0 0 0 22 0 0 0 60 0 0 170 0 454 0 0 0 0 2 0 0 0 0 0 110 2 28 0 2 0 0 18 0 222 0 4 0 76 184 0 434 0 833 1112
hsa-miR-1293 0 0 0 0 0 0 0 0 0 0 0 0 12 0 0 0 0 0 0 0 0 0 0 0 0 0 0 0 0 0 0 0 0 0 0 0 0 0 0 0 0 0 0 0 0 0 0 0 0 0 0 0 0 0 0 0 0 0 0 0 0 0 0 0 0 0 0 0 0 0 0 0 0 0 0 0 0 0 0 0 0 0 0 0 0 0 0 0 0 0 0 0 0 0 0 0
hsa-miR-136-5p 0 0 0 0 0 0 0 0 0 0 0 0 8 0 0 0 0 0 0 0 0 0 4 0 15 6 0 0 0 0 0 0 1 0 0 0 0 49 0 0 0 0 0 6 0 0 0 0 0 0 0 0 8 0 12 42 24 0 0 0 0 0 0 0 0 14 0 0 0 0 0 0 0 0 0 0 0 0 0 0 0 32 6 0 0 0 0 0 0 0 0 0 0 0 0 0
hsa-miR-33b-5p 0 0 0 0 0 0 0 0 0 0 0 0 48 0 0 0 0 0 0 0 0 0 0 0 0 0 0 0 0 0 0 1 0 0 0 0 16 0 0 0 0 0 0 0 0 0 0 0 0 0 0 0 0 52 0 0 0 0 0 0 0 0 0 0 0 0 0 0 2 0 0 0 0 0 0 0 0 0 0 0 0 2 0 0 0 0 2 0 0 0 0 0 38 0 0 0
hsa-miR-4632-5p 0 0 0 0 0 0 0 0 0 0 0 0 40 0 0 0 0 0 0 0 0 0 0 0 0 0 0 0 0 0 0 0 0 0 0 0 0 0 1 0 0 0 0 0 0 0 0 0 0 0 0 0 0 0 0 0 0 0 0 0 0 0 0 0 0 0 0 0 0 0 0 0 0 0 0 0 0 0 0 0 0 0 0 0 0 0 0 0 0 0 0 0 0 0 0 0
hsa-miR-4680-5p 0 0 0 0 0 0 0 0 0 0 0 0 88 0 0 0 0 0 2 0 0 0 0 0 0 0 0 0 0 0 0 0 0 0 0 0 0 0 0 0 47 0 0 0 0 0 0 0 0 0 0 0 0 0 0 0 0 0 0 0 0 0 0 0 0 0 0 0 0 0 0 0 0 0 0 0 0 0 0 0 0 0 0 0 22 0 2 0 0 0 0 0 0 0 0 0
hsa-miR-4689 0 0 0 0 0 0 0 0 0 0 0 0 10 0 0 0 0 2 0 0 0 0 0 0 0 0 0 0 0 0 0 0 0 0 0 0 0 0 0 0 0 0 0 0 0 0 0 0 0 0 0 0 0 0 0 0 0 0 0 0 0 0 0 0 0 0 0 0 0 0 0 0 0 0 0 0 0 0 0 0 0 0 0 24 0 0 0 0 0 0 0 68 18 56 0 0
hsa-miR-4784 0 0 0 0 0 0 0 0 0 0 0 0 4 0 0 0 0 0 0 0 0 0 0 0 0 0 0 0 0 0 0 0 0 0 0 0 0 0 0 0 0 0 0 0 0 0 0 0 0 0 0 0 0 0 0 0 0 0 0 0 0 0 0 0 0 0 0 0 0 0 0 0 0 0 0 0 0 0 0 0 0 0 0 0 0 0 4 0 0 0 0 0 0 0 50 0
hsa-miR-511-3p 0 0 0 0 0 0 0 0 0 0 0 0 14 0 0 0 0 0 2 0 0 0 0 0 0 0 0 0 0 0 0 0 0 0 0 0 0 0 0 0 0 0 0 4 0 0 0 0 0 0 0 0 0 0 0 0 10 0 0 0 0 0 0 0 0 0 0 0 0 0 0 0 0 0 0 0 0 24 0 0 0 0 0 0 0 0 0 0 0 0 0 0 0 0 0 0
hsa-miR-5692c 0 0 0 0 0 0 0 0 0 0 0 0 20 0 0 0 0 0 0 0 0 0 0 0 0 0 0 0 0 0 0 0 0 0 0 0 0 0 0 0 0 0 0 0 0 0 0 0 0 0 0 0 0 0 0 0 0 0 0 0 0 0 0 0 0 0 0 0 0 0 0 0 0 0 0 0 0 0 0 0 0 0 0 0 0 0 0 0 0 0 0 0 0 0 0 0
hsa-miR-6805-3p 0 0 0 0 0 0 0 0 0 0 0 0 30 0 0 0 0 0 0 0 0 0 0 0 0 0 0 0 0 0 0 0 0 0 0 0 0 0 0 0 0 0 0 8 0 0 0 0 0 0 0 0 0 0 0 0 0 0 0 0 0 0 0 0 0 0 0 0 0 18 0 0 0 0 0 0 0 0 0 0 2 0 0 0 50 0 60 0 0 0 0 0 0 0 0 0
hsa-miR-6816-5p 0 0 0 0 0 0 0 0 0 0 0 0 14 0 0 0 0 0 0 0 0 2 0 0 0 0 0 0 0 0 0 0 0 0 0 0 0 0 0 0 0 0 0 0 0 0 0 0 0 0 0 0 0 0 0 0 26 0 56 0 0 0 0 0 0 0 0 0 0 0 0 0 0 0 0 0 0 0 0 0 0 0 0 0 0 0 0 0 0 0 16 64 0 0 0 0
hsa-miR-6876-5p 0 0 0 0 0 0 0 0 0 0 0 0 18 0 0 0 0 0 0 0 0 0 56 0 0 0 0 0 0 0 0 0 0 0 0 0 0 0 0 0 0 0 0 0 0 0 0 0 0 0 0 0 0 0 0 0 0 0 0 0 0 0 0 0 0 0 0 0 0 0 0 0 0 0 0 0 0 0 0 0 0 0 0 0 0 0 0 0 0 0 0 0 0 0 0 0
hsa-miR-8072 0 0 0 0 0 0 0 0 0 0 0 0 30 0 0 0 0 0 0 0 0 0 0 0 21 0 0 0 0 0 0 0 0 0 0 0 0 0 0 0 4 0 0 0 0 0 0 0 0 0 0 0 0 0 0 0 0 0 0 0 20 0 0 0 0 0 0 0 0 0 0 0 0 56 0 0 0 0 0 0 0 0 0 0 0 0 0 40 0 0 0 0 0 0 31 0
hsa-miR-122-5p 0 0 0 0 0 0 0 0 0 0 0 0 0 64 12 0 24 0 0 0 0 2 0 0 0 0 0 0 0 0 6 0 1 0 0 0 10 0 0 0 0 0 0 0 0 0 0 0 0 0 0 40 44 0 0 0 20 0 0 0 14 0 0 0 0 4 0 0 0 20 6 0 0 0 62 30 0 0 0 0 44 48 0 0 30 0 0 82 0 0 0 0 210 0 0 0
hsa-miR-4645-5p 0 0 0 0 0 0 0 0 0 0 0 0 0 36 0 0 0 0 0 0 0 0 0 0 0 0 0 0 0 0 0 0 0 0 0 0 0 0 0 0 0 0 0 0 0 0 0 0 0 0 0 0 0 0 0 0 0 0 0 0 0 0 0 0 0 0 0 0 0 0 0 0 0 0 0 0 0 0 0 0 0 0 0 0 0 0 0 0 0 0 0 0 0 0 0 0
hsa-miR-4750-5p 0 0 0 0 0 0 0 0 0 0 0 0 0 6 0 0 0 0 0 0 0 0 0 0 0 0 0 0 0 0 4 0 0 0 0 0 0 0 0 0 0 0 0 0 0 0 0 0 0 0 0 0 0 0 0 0 0 0 0 0 4 0 0 0 0 0 0 0 0 0 0 0 0 0 0 0 0 0 0 0 0 0 0 0 0 0 0 0 0 0 0 0 0 0 0 0
hsa-miR-4768-5p 0 0 0 0 0 0 0 0 0 0 0 0 0 2 28 0 0 0 0 0 0 0 0 0 0 0 0 0 0 0 0 0 0 0 0 0 0 0 0 0 0 0 0 0 0 0 0 0 0 0 0 0 0 0 0 0 0 0 0 0 0 0 0 0 0 0 0 0 0 0 0 0 0 0 0 0 0 0 0 0 0 0 0 0 0 0 0 0 0 0 0 0 0 0 0 0
hsa-miR-498 0 0 0 0 0 0 0 0 0 0 0 0 0 18 0 0 0 0 0 0 0 0 0 0 0 0 0 0 0 0 0 0 0 0 0 0 0 0 0 0 0 0 0 0 0 0 0 0 0 0 0 0 0 0 34 0 0 0 2 0 0 0 0 0 0 0 0 0 0 0 0 0 0 0 0 0 0 0 0 0 0 0 0 0 0 0 0 0 0 0 46 40 0 0 19 1
hsa-miR-5008-5p 0 0 0 0 0 0 0 0 0 0 0 0 0 20 0 0 0 0 0 0 0 0 0 0 0 0 0 0 0 0 0 0 0 0 0 0 0 0 0 0 0 0 0 0 0 0 0 0 0 0 0 0 0 0 0 0 0 0 0 0 0 0 0 0 0 0 0 0 0 0 0 0 0 0 0 0 0 0 0 0 0 0 0 0 0 0 0 0 0 0 0 0 0 0 0 0
hsa-miR-6764-5p 0 0 0 0 0 0 0 0 0 0 0 0 0 30 0 0 0 0 0 0 0 0 0 0 0 0 0 0 15 0 0 0 0 0 1 0 0 0 0 0 0 0 0 0 0 0 0 0 26 0 0 0 0 0 0 0 0 0 0 0 0 0 0 0 0 0 0 0 0 0 0 48 0 0 0 4 0 0 0 0 0 18 0 0 0 0 0 0 0 0 4 0 0 0 27 0
hsa-miR-6788-3p 0 0 0 0 0 0 0 0 0 0 0 0 0 6 0 0 0 0 0 46 0 0 0 0 0 0 0 1 0 0 0 0 0 6 0 0 0 0 0 0 5 0 0 0 16 0 0 0 0 0 0 0 0 0 0 0 6 0 0 0 0 0 0 0 0 0 0 0 0 0 0 0 0 0 0 0 0 0 0 0 0 18 0 0 0 0 0 0 0 0 0 0 0 0 0 0
hsa-miR-6824-3p 0 0 0 0 0 0 0 0 0 0 0 0 0 42 0 0 0 0 0 0 0 0 0 0 0 0 0 0 0 0 0 0 0 0 0 0 0 0 0 0 0 0 0 0 0 0 0 0 0 0 0 0 0 0 0 0 0 0 0 0 0 0 0 0 0 22 0 0 0 0 0 0 0 0 20 0 0 0 0 0 0 0 0 0 0 0 0 0 0 0 0 0 0 0 0 0
hsa-miR-6892-5p 0 0 0 0 0 0 0 0 0 0 0 0 0 8 22 0 0 0 0 0 0 0 0 0 14 0 0 0 0 0 0 0 0 0 0 0 0 0 0 0 0 0 0 0 0 0 0 0 0 6 0 0 0 0 0 0 0 0 0 0 0 0 0 0 0 0 0 0 0 0 0 30 0 0 0 0 0 0 0 0 0 0 0 0 0 0 0 0 0 0 0 0 0 0 0 0
hsa-miR-1295b-3p 0 0 0 0 0 0 0 0 0 0 0 0 0 0 10 0 0 0 0 0 0 0 0 0 25 0 0 0 0 0 0 0 0 0 0 0 0 0 0 0 0 0 0 0 0 0 0 0 0 0 0 0 0 0 0 0 0 0 0 0 0 0 0 0 0 0 0 0 0 0 0 0 0 0 0 0 0 0 0 0 0 0 0 0 0 0 0 0 0 2 0 0 0 0 0 0
hsa-miR-1323 0 0 0 0 0 0 0 0 0 0 0 0 0 0 2 0 0 0 0 0 0 0 0 0 0 0 0 0 0 0 0 0 0 0 0 0 12 0 0 0 0 0 0 0 0 0 0 0 0 0 0 26 0 0 0 0 0 0 0 0 0 0 0 0 0 0 0 0 0 0 0 0 0 0 0 0 0 0 0 0 0 0 0 0 0 0 46 0 0 0 0 8 314 24 37 0
hsa-miR-133b 0 0 0 0 0 0 0 0 0 0 0 0 0 0 46 0 0 0 0 0 0 0 0 0 20 0 0 0 0 0 0 0 0 0 0 0 0 0 0 0 0 0 0 0 0 0 0 0 0 0 0 4 0 0 0 0 0 0 0 0 0 0 0 0 0 0 0 82 0 0 0 0 0 34 0 0 0 0 0 0 0 0 0 0 0 0 2 0 0 0 0 0 0 0 0 0
hsa-miR-1468-3p 0 0 0 0 0 0 0 0 0 0 0 0 0 0 10 0 0 0 0 0 0 0 0 0 0 0 0 0 0 0 0 0 0 0 0 0 0 0 0 0 0 0 0 0 0 0 0 0 0 0 0 0 0 0 0 0 2 0 0 0 0 0 0 0 0 0 0 0 0 0 0 0 0 0 0 0 0 0 0 0 0 0 0 0 0 0 0 0 0 0 0 0 0 0 0 0
hsa-miR-3118 0 0 0 0 0 0 0 0 0 0 0 0 0 0 6 0 0 0 0 0 0 0 0 0 0 0 0 2 0 0 0 0 0 0 0 0 0 0 0 0 0 0 0 0 0 0 0 0 0 0 0 0 0 0 0 0 0 0 0 0 0 0 0 0 0 0 0 0 0 0 0 0 0 0 0 0 0 0 0 0 0 0 0 0 0 0 0 0 0 0 0 0 6 0 0 0
hsa-miR-3121-3p 0 0 0 0 0 0 0 0 0 0 0 0 0 0 16 0 0 0 0 0 0 0 20 0 12 0 0 3 0 0 0 0 0 0 0 0 0 0 0 6 0 0 19 0 0 0 0 0 0 0 0 0 0 0 0 0 38 0 2 0 0 0 0 0 48 22 0 0 0 0 0 0 0 0 0 0 0 0 0 0 0 0 0 0 0 0 0 0 0 0 8 0 0 2 0 3
hsa-miR-3134 0 0 0 0 0 0 0 0 0 0 0 0 0 0 46 0 0 0 2 0 0 0 0 0 0 0 0 0 0 0 0 1 10 0 0 0 0 0 0 0 1 0 0 0 0 0 0 0 0 0 0 0 0 0 0 0 0 0 124 0 0 0 0 0 0 0 0 0 0 0 0 0 2 0 0 0 0 0 0 0 0 0 0 0 0 0 2 0 0 0 0 0 0 0 69 0
hsa-miR-3152-3p 0 0 0 0 0 0 0 0 0 0 0 0 0 0 2 0 0 0 0 36 0 0 0 0 0 0 0 0 0 0 0 0 0 0 0 0 0 0 0 0 0 0 0 0 0 0 0 0 0 0 0 0 0 0 0 0 0 0 0 0 0 0 0 0 0 0 0 0 0 0 0 0 0 0 0 0 0 0 0 0 0 0 0 0 0 0 0 0 0 0 0 0 0 0 0 0
hsa-miR-3176 0 0 0 0 0 0 0 0 0 0 0 0 0 0 22 0 0 0 0 0 0 0 40 0 0 0 0 0 0 0 0 0 0 0 0 0 0 0 0 0 0 1 0 0 0 0 0 0 0 0 0 0 0 0 0 0 0 0 0 0 0 0 0 0 0 0 0 0 0 0 0 0 0 26 0 0 0 0 0 0 0 0 0 0 0 0 16 0 0 0 0 28 10 20 0 0
hsa-miR-3187-5p 0 0 0 0 0 0 0 0 0 0 0 0 0 0 26 0 0 0 0 0 0 0 12 0 0 0 0 0 0 0 0 0 0 0 0 0 0 0 0 0 0 0 0 0 0 0 0 0 0 0 0 0 0 0 0 0 0 0 0 0 0 0 0 0 0 0 0 0 0 0 0 0 0 0 0 0 0 0 0 0 0 0 0 0 52 0 0 0 0 0 0 0 0 0 0 0
hsa-miR-3194-5p 0 0 0 0 0 0 0 0 0 0 0 0 0 0 24 0 0 0 0 0 0 0 0 0 2 0 0 0 0 0 28 0 0 0 0 0 0 0 0 0 0 0 0 0 0 0 0 0 16 16 0 0 0 0 0 0 26 0 0 0 0 0 0 0 0 0 0 0 0 0 0 0 0 0 0 0 0 0 0 0 0 0 0 0 0 0 0 0 0 0 0 0 0 0 39 26
hsa-miR-3611 0 0 0 0 0 0 0 0 0 0 0 0 0 0 2 0 38 0 2 0 0 0 0 0 0 0 0 0 0 0 0 0 0 0 0 0 9 19 0 0 0 0 0 0 0 0 0 0 0 0 0 0 0 0 0 0 0 0 42 0 0 0 0 0 0 0 0 0 0 0 0 0 0 0 4 0 0 0 0 0 24 0 0 0 0 86 0 0 0 0 0 88 32 0 0 0
hsa-miR-3616-3p 0 0 0 0 0 0 0 0 0 0 0 0 0 0 6 0 0 0 0 0 0 0 0 0 0 0 0 0 0 0 0 0 0 0 0 0 0 0 0 0 0 0 0 0 0 0 0 0 0 0 0 0 0 0 0 0 0 0 0 0 24 0 0 0 0 0 0 0 0 0 0 0 0 0 0 0 0 0 0 0 0 0 0 0 0 0 0 2 0 0 0 0 0 0 0 0
hsa-miR-3667-3p 0 0 0 0 0 0 0 0 0 0 0 0 0 0 64 0 0 0 0 0 0 0 0 0 0 0 0 0 0 11 0 0 0 0 0 0 0 0 0 0 0 0 0 0 0 26 0 0 0 0 0 0 0 0 0 0 0 0 0 0 0 0 0 0 0 0 0 0 0 0 0 0 0 0 0 0 0 0 0 0 0 0 0 0 0 0 0 0 0 0 130 32 82 10 0 16
hsa-miR-3680-3p 0 0 0 0 0 0 0 0 0 0 0 0 0 0 20 0 0 0 0 0 0 0 0 0 0 0 0 2 0 0 0 0 0 0 0 0 0 0 0 0 0 0 0 0 0 0 0 0 0 0 66 0 0 0 66 0 0 0 0 0 0 0 0 0 0 0 0 0 0 0 0 0 0 0 0 0 0 0 0 0 0 0 0 0 0 0 28 0 0 0 0 0 0 0 0 0
hsa-miR-4306 0 0 0 0 0 0 0 0 0 0 0 0 0 0 16 0 0 0 0 0 0 0 66 0 0 0 0 0 0 0 0 0 0 0 0 0 11 0 0 0 0 0 0 0 0 0 0 0 0 0 0 0 0 0 0 0 0 2 0 0 0 0 16 0 8 40 0 0 0 0 0 0 0 0 0 0 0 0 0 0 0 0 0 0 0 0 0 2 0 0 0 0 0 0 0 0
hsa-miR-4446-5p 0 0 0 0 0 0 0 0 0 0 0 0 0 0 14 0 0 0 0 0 0 0 0 0 0 0 0 0 0 0 0 0 0 0 0 0 0 0 0 0 0 0 0 0 0 0 0 0 0 0 0 52 0 0 0 0 12 0 0 0 0 0 0 0 0 0 0 0 0 0 0 0 10 0 0 0 0 0 0 0 0 0 0 0 0 0 0 0 0 0 0 0 0 0 0 0
hsa-miR-4448 0 0 0 0 0 0 0 0 0 0 0 0 0 0 2 0 0 0 0 0 0 0 0 0 0 0 0 0 0 0 0 0 0 10 0 0 0 0 0 0 0 0 0 0 0 0 0 0 0 0 0 0 0 0 0 0 0 0 0 0 0 0 0 0 0 0 0 0 0 0 0 0 0 0 0 0 0 0 0 0 0 0 0 0 0 0 0 0 0 0 0 0 0 0 0 0
hsa-miR-4463 0 0 0 0 0 0 0 0 0 0 0 0 0 0 2 0 0 0 0 0 0 0 0 0 0 0 0 0 0 0 0 0 0 0 0 0 0 0 0 0 0 0 0 0 0 0 0 0 0 0 0 0 0 0 0 0 0 0 0 0 0 0 0 0 0 0 0 0 0 0 0 0 0 0 0 0 0 0 0 0 0 0 0 4 0 0 0 0 0 0 0 0 0 0 0 37
hsa-miR-4486 0 0 0 0 0 0 0 0 0 0 0 0 0 0 10 0 0 0 0 0 0 0 0 0 0 0 0 0 0 0 0 0 0 0 0 0 0 0 0 0 0 0 0 0 0 0 0 0 0 0 0 0 0 0 0 0 0 0 0 0 0 0 0 0 0 0 0 0 0 0 0 0 0 0 0 0 0 0 0 0 0 0 0 0 0 0 0 0 0 0 0 0 0 0 0 0
hsa-miR-4507 0 0 0 0 0 0 0 0 0 0 0 0 0 0 44 0 0 0 14 0 0 0 0 0 0 0 0 0 0 0 1 0 0 0 0 0 0 0 0 0 0 0 0 0 0 0 0 0 0 0 0 0 0 0 0 0 18 0 0 0 0 0 0 0 0 0 0 0 0 0 0 0 0 96 0 0 0 0 0 0 2 0 0 0 0 0 0 0 0 0 0 0 0 0 0 0
hsa-miR-4637 0 0 0 0 0 0 0 0 0 0 0 0 0 0 18 0 0 0 0 0 0 0 0 0 0 0 0 0 0 0 0 0 0 0 0 0 0 0 17 0 0 0 0 0 0 0 0 0 0 0 0 0 8 0 0 0 0 0 80 0 0 0 0 0 0 0 0 0 0 0 0 0 0 0 30 0 0 0 0 0 0 0 0 0 0 0 0 0 0 0 0 0 14 28 0 0
hsa-miR-4649-5p 0 0 0 0 0 0 0 0 0 0 0 0 0 0 14 0 0 0 0 0 0 0 0 0 0 0 0 0 0 0 0 0 0 0 0 0 0 3 0 0 0 0 0 0 0 0 0 0 0 0 0 0 0 0 0 0 0 0 0 0 0 0 0 0 0 0 0 0 0 0 0 0 0 0 0 0 0 0 0 0 0 0 0 0 0 0 0 0 0 0 0 0 0 0 0 0
hsa-miR-4661-3p 0 0 0 0 0 0 0 0 0 0 0 0 0 0 12 0 0 0 0 0 0 0 0 0 0 0 0 0 0 0 0 0 11 0 0 0 0 0 0 0 0 0 0 0 0 0 2 0 0 0 0 0 0 0 0 0 0 0 0 0 0 0 0 0 0 0 0 0 0 0 0 0 0 0 0 0 0 0 0 0 0 0 0 0 0 0 0 0 0 0 36 0 24 0 0 0
hsa-miR-4664-5p 0 0 0 0 0 0 0 0 0 0 0 0 0 0 48 0 0 0 0 0 0 0 0 0 0 0 0 0 0 0 0 0 0 0 0 0 0 0 0 0 0 0 0 0 0 0 0 0 0 0 0 0 0 0 0 0 0 0 0 0 62 0 0 0 0 0 0 0 0 0 0 0 0 0 0 0 0 0 0 0 0 0 0 0 0 0 14 0 0 0 0 0 0 0 0 0
hsa-miR-4671-3p 0 0 0 0 0 0 0 0 0 0 0 0 0 0 8 0 0 0 0 0 0 0 0 0 0 0 0 0 0 0 0 0 0 0 0 0 0 0 0 0 0 0 0 0 0 0 0 0 0 0 0 0 0 0 0 0 0 0 0 0 0 0 0 0 0 0 0 0 0 0 0 0 0 0 0 0 0 0 0 0 0 0 0 0 0 0 0 0 0 0 0 0 0 0 0 0
hsa-miR-4701-5p 0 0 0 0 0 0 0 0 0 0 0 0 0 0 24 0 0 0 0 0 0 0 0 0 0 0 0 0 0 0 0 0 0 0 0 0 0 0 0 0 0 0 0 0 0 0 0 0 0 0 0 0 0 0 0 32 0 0 0 0 0 0 0 0 0 0 0 0 0 0 0 0 0 0 0 0 0 0 0 0 0 0 0 0 0 0 0 0 0 0 0 0 0 0 0 0
hsa-miR-4709-5p 0 0 0 0 0 0 0 0 0 0 0 0 0 0 12 0 0 0 0 0 0 0 0 0 15 0 0 0 0 0 0 0 0 0 0 0 0 0 0 0 0 0 0 0 0 0 0 0 0 0 0 16 0 0 0 0 0 0 0 0 0 0 0 0 0 0 0 0 0 0 0 0 0 0 0 0 0 0 0 0 0 0 16 8 0 0 26 0 0 0 0 0 0 0 0 0
hsa-miR-4720-5p 0 0 0 0 0 0 0 0 0 0 0 0 0 0 4 0 0 0 0 0 0 0 0 0 0 0 0 0 0 0 0 0 0 0 0 0 0 0 0 0 0 0 0 0 0 0 0 0 0 0 0 0 0 0 0 0 0 0 0 0 0 0 0 0 0 0 0 0 0 0 0 0 0 0 0 0 0 0 0 0 0 0 0 0 0 0 0 0 0 0 0 0 0 0 0 0
hsa-miR-4745-5p 0 0 0 0 0 0 0 0 0 0 0 0 0 0 2 0 0 0 0 0 0 0 0 0 0 0 0 0 0 0 4 0 0 0 0 0 0 0 0 0 0 0 0 0 0 0 0 0 0 0 0 0 0 0 0 0 0 0 0 0 0 0 0 0 0 0 0 0 0 0 0 0 0 0 0 0 0 0 0 0 0 0 0 0 0 0 0 22 0 0 0 0 0 32 38 0
hsa-miR-4749-3p 0 0 0 0 0 0 0 0 0 0 0 0 0 0 28 0 0 0 2 0 0 0 0 0 0 2 0 0 0 0 0 0 0 0 0 0 0 0 0 0 0 0 0 0 0 0 0 0 0 0 0 0 8 0 0 0 0 0 0 16 12 0 0 0 0 0 0 0 0 0 0 32 0 0 0 0 18 0 0 0 0 0 0 0 0 0 0 0 0 0 98 0 44 0 0 0
hsa-miR-4758-3p 0 0 0 0 0 0 0 0 0 0 0 0 0 0 12 0 0 0 0 2 0 0 6 0 0 0 0 0 0 0 0 0 0 0 0 0 0 0 0 0 0 0 0 0 0 0 0 0 18 0 0 0 0 0 0 0 0 0 30 0 0 0 0 0 0 0 0 0 0 0 0 0 0 12 0 0 0 0 0 0 2 0 0 0 0 0 0 0 58 0 0 0 0 0 0 0
hsa-miR-4793-3p 0 0 0 0 0 0 0 0 0 0 0 0 0 0 10 0 0 0 0 0 0 0 0 0 0 0 0 0 0 0 0 0 0 0 0 0 0 0 0 0 0 0 0 0 0 0 0 0 0 0 0 0 0 0 0 0 0 0 0 0 0 0 0 0 0 0 0 0 0 0 0 0 0 0 0 0 0 0 0 0 0 0 0 0 0 0 2 0 0 0 0 0 0 0 0 0
hsa-miR-5000-3p 0 0 0 0 0 0 0 0 0 0 0 0 0 0 4 0 0 0 0 0 0 0 0 0 0 0 0 0 0 0 0 0 0 0 0 0 0 0 7 0 0 0 0 0 0 0 0 0 0 0 0 0 0 0 0 0 0 0 0 0 0 0 0 0 0 0 0 0 0 0 0 0 0 0 0 0 0 0 0 0 0 0 0 0 0 0 0 0 0 0 0 0 0 0 0 0
hsa-miR-548ae-3p 0 0 0 0 0 0 0 0 0 0 0 0 0 0 6 0 0 0 0 0 0 0 0 0 0 0 0 4 0 0 0 0 0 0 0 0 0 0 0 0 0 0 0 0 0 0 0 0 0 0 0 38 0 0 0 0 0 0 0 0 0 0 0 0 0 0 0 0 0 0 0 0 0 0 0 0 0 0 0 0 0 0 0 0 0 0 10 44 0 0 0 0 0 0 0 0
hsa-miR-548al 0 0 0 0 0 0 0 0 0 0 0 0 0 0 14 0 0 0 14 0 0 0 0 0 0 0 0 0 0 0 0 0 0 0 5 0 0 0 0 0 0 0 0 0 0 0 0 0 66 0 0 30 2 0 0 0 8 0 0 0 0 0 0 0 2 0 0 0 0 0 0 0 0 0 0 0 0 0 0 0 2 0 0 0 0 0 0 62 0 0 0 0 68 14 0 0
hsa-miR-548aw 0 0 0 0 0 0 0 0 0 0 0 0 0 0 6 0 0 44 4 0 0 0 0 36 0 0 0 0 0 0 25 0 0 0 0 0 0 0 0 0 0 0 0 0 0 0 0 0 0 26 0 10 0 0 0 0 0 0 2 0 0 0 0 0 0 0 0 0 0 0 0 0 0 138 22 0 0 0 0 0 22 0 0 2 0 30 0 0 0 0 0 0 0 0 2 0
hsa-miR-580-3p 0 0 0 0 0 0 0 0 0 0 0 0 0 0 20 0 2 0 0 0 0 0 0 0 8 0 11 0 0 0 13 0 0 16 0 0 0 14 0 0 0 0 0 0 0 0 0 0 0 0 0 0 0 0 0 0 0 0 30 0 14 0 0 0 0 0 0 0 2 2 0 0 0 0 0 18 0 0 0 0 0 14 0 0 0 0 6 0 0 0 10 0 94 2 0 27
hsa-miR-581 0 0 0 0 0 0 0 0 0 0 0 0 0 0 38 0 0 2 0 0 0 0 0 0 0 0 0 0 10 0 0 0 0 0 0 0 0 0 0 0 0 0 0 2 0 0 0 0 0 0 0 8 0 0 0 0 0 0 42 0 0 0 0 0 0 0 0 0 0 0 0 70 0 0 0 0 0 0 0 0 0 24 0 0 0 2 6 0 0 0 0 0 0 0 19 0
hsa-miR-584-3p 0 0 0 0 0 0 0 0 0 0 0 0 0 0 6 0 0 0 0 0 0 0 0 0 0 0 0 0 0 0 0 0 0 0 0 0 0 0 0 0 0 0 0 4 0 0 0 0 0 0 0 0 0 0 0 0 0 0 0 0 0 0 0 0 0 0 0 0 0 0 0 0 0 0 0 0 0 0 0 0 0 0 0 0 0 0 0 0 0 0 0 0 0 0 0 0
hsa-miR-598-5p 0 0 0 0 0 0 0 0 0 0 0 0 0 0 2 0 0 0 0 0 0 0 0 0 0 0 0 0 0 0 0 0 0 0 0 0 0 0 0 0 0 0 0 0 0 0 0 0 0 0 0 0 0 0 0 0 0 0 0 0 0 0 0 0 0 0 0 0 0 0 0 0 0 0 0 0 0 0 0 2 0 0 0 0 0 0 0 0 0 0 0 0 136 50 0 0
hsa-miR-6505-5p 0 0 0 0 0 0 0 0 0 0 0 0 0 0 4 0 0 0 0 0 0 0 0 0 0 0 0 0 0 0 15 0 0 0 0 0 0 0 0 0 0 0 0 0 0 18 0 0 0 0 0 0 24 0 0 0 0 0 0 0 0 0 0 0 0 0 0 0 0 0 0 0 0 0 0 0 0 0 0 0 0 0 0 0 0 0 0 0 0 0 24 0 96 0 52 74
hsa-miR-6727-3p 0 0 0 0 0 0 0 0 0 0 0 0 0 0 20 0 0 0 0 0 0 0 0 0 0 0 0 1 0 0 0 0 0 0 0 0 0 0 0 0 0 0 0 0 0 20 0 0 0 0 0 4 0 0 0 0 0 0 0 0 0 0 0 0 0 0 0 0 0 0 0 0 0 0 0 0 0 0 0 0 0 0 0 6 0 0 0 0 0 0 0 0 0 0 0 0
hsa-miR-6734-3p 0 0 0 0 0 0 0 0 0 0 0 0 0 0 20 0 0 0 0 0 0 0 0 0 0 0 0 0 0 0 8 0 0 0 0 0 0 0 0 11 1 0 15 0 0 0 0 0 0 0 0 0 0 0 0 0 0 0 0 0 0 0 0 0 0 0 0 0 0 0 0 0 0 0 0 0 0 0 12 98 0 2 0 0 0 0 0 0 0 0 0 0 0 0 0 0
hsa-miR-6734-5p 0 0 0 0 0 0 0 0 0 0 0 0 0 0 14 0 0 0 0 0 0 0 0 0 0 0 6 0 0 0 4 0 0 0 0 0 33 0 0 0 0 0 0 0 8 0 0 0 0 38 0 46 12 0 44 0 0 0 4 0 54 0 0 0 0 0 0 0 0 0 0 0 0 0 0 0 48 2 0 0 0 0 0 22 0 0 0 0 0 0 46 0 68 0 0 0
hsa-miR-6739-3p 0 0 0 0 0 0 0 0 0 0 0 0 0 0 16 0 0 0 0 0 0 0 0 0 0 0 0 0 0 0 0 0 0 0 0 0 0 0 0 0 0 0 0 0 0 0 0 0 0 0 0 0 0 0 0 0 0 0 0 0 0 0 0 0 0 0 0 0 0 0 0 0 0 0 0 0 0 0 0 0 0 0 0 0 0 0 0 0 0 0 0 0 0 0 0 0
hsa-miR-6749-5p 0 0 0 0 0 0 0 0 0 0 0 0 0 0 14 0 0 0 0 0 0 0 0 0 0 0 0 0 0 0 0 0 0 0 0 0 0 0 0 0 0 0 0 0 0 24 0 0 0 0 0 0 0 0 0 0 0 0 0 0 0 0 0 0 0 0 0 0 0 0 0 0 0 0 0 0 0 0 0 0 0 0 0 0 0 0 0 0 0 0 0 0 0 0 0 0
hsa-miR-6780b-5p 0 0 0 0 0 0 0 0 0 0 0 0 0 0 2 0 0 0 0 0 0 0 0 0 0 0 0 0 0 0 0 0 0 0 0 0 0 0 0 0 0 0 0 0 0 0 0 0 0 0 0 0 0 0 0 0 0 0 0 0 0 0 0 0 0 0 0 0 0 0 0 0 0 0 0 0 0 0 0 32 0 0 0 0 0 0 0 0 0 0 0 0 54 0 0 0
hsa-miR-6787-5p 0 0 0 0 0 0 0 0 0 0 0 0 0 0 16 0 0 0 0 0 0 0 0 0 0 0 0 0 0 0 0 0 0 0 0 0 0 0 0 0 0 0 0 0 0 0 0 0 0 0 0 0 0 0 0 0 0 0 0 0 0 0 0 0 0 0 0 0 0 0 0 0 0 0 0 0 0 0 0 0 0 0 0 0 0 0 0 0 0 0 0 0 0 0 0 0
hsa-miR-6816-3p 0 0 0 0 0 0 0 0 0 0 0 0 0 0 10 0 0 0 0 0 0 0 0 0 0 0 0 0 0 0 3 0 0 0 0 0 0 0 0 0 22 0 0 0 0 0 0 0 0 0 0 0 0 0 0 0 0 0 0 0 0 0 0 0 0 0 0 0 0 24 0 0 0 12 0 0 0 0 0 0 0 0 0 0 0 0 0 10 0 0 0 20 50 26 0 0
hsa-miR-6848-5p 0 0 0 0 0 0 0 0 0 0 0 0 0 0 44 0 0 0 0 0 0 0 0 0 0 0 0 0 0 0 0 0 0 0 0 0 0 0 0 0 0 0 0 0 0 0 0 0 0 0 0 0 0 0 0 0 0 0 0 0 0 0 0 0 0 0 0 0 0 0 0 0 0 0 0 0 0 0 0 0 0 0 0 0 0 0 0 0 0 0 0 0 0 0 0 0
hsa-miR-6888-3p 0 0 0 0 0 0 0 0 0 0 0 0 0 0 6 0 0 0 0 0 0 0 0 0 0 0 0 0 0 0 0 0 0 0 0 0 0 0 0 0 0 0 0 0 0 0 0 0 0 0 0 0 0 0 0 0 0 0 0 0 0 0 0 0 0 0 0 0 0 0 0 0 0 0 0 0 0 0 0 0 0 0 0 0 0 0 0 0 0 0 0 0 0 0 0 0
hsa-miR-6889-5p 0 0 0 0 0 0 0 0 0 0 0 0 0 0 14 0 0 0 0 0 0 0 0 0 0 0 0 0 0 0 0 0 0 0 0 0 0 0 0 0 0 0 0 0 0 0 0 0 0 0 0 0 0 0 0 0 0 0 0 0 0 0 0 0 0 0 0 0 0 0 0 0 0 0 0 0 0 0 0 0 0 0 0 0 0 0 0 0 0 0 0 0 22 0 0 0
hsa-miR-6895-3p 0 0 0 0 0 0 0 0 0 0 0 0 0 0 4 0 0 0 0 0 0 0 0 0 0 0 0 0 0 0 0 0 0 0 0 0 0 0 0 0 0 0 0 0 0 14 0 0 0 0 0 0 0 0 0 0 0 0 0 0 0 0 0 0 0 0 0 0 0 0 0 0 0 0 0 0 0 0 0 0 0 0 0 0 0 0 0 0 0 0 0 0 0 0 0 0
hsa-miR-7108-5p 0 0 0 0 0 0 0 0 0 0 0 0 0 0 10 0 0 0 0 0 0 0 0 0 0 0 0 0 0 0 0 0 0 0 0 0 0 0 0 0 0 0 0 0 0 0 0 0 0 0 0 0 0 0 0 0 0 0 0 0 0 0 0 0 0 0 0 0 0 0 0 0 0 0 0 0 0 0 0 0 0 0 0 0 0 0 0 0 0 0 0 0 0 0 0 0
hsa-miR-888-5p 0 0 0 0 0 0 0 0 0 0 0 0 0 0 38 0 0 0 0 0 0 0 0 0 0 0 0 0 0 0 0 0 0 0 0 0 0 0 0 0 0 0 0 0 0 0 0 0 0 0 0 20 0 0 0 0 0 0 0 0 0 0 0 0 0 0 0 0 0 0 0 0 0 0 0 0 0 0 0 0 0 0 0 0 0 0 0 0 0 0 0 0 0 0 0 0
hsa-miR-891b 0 0 0 0 0 0 0 0 0 0 0 0 0 0 12 0 0 0 0 0 0 0 0 0 0 0 0 0 0 0 0 0 0 0 0 0 0 0 0 0 0 0 0 0 0 0 0 0 0 0 0 0 0 0 0 0 0 0 0 0 0 0 0 0 0 2 0 0 0 0 0 0 0 0 0 0 0 0 0 0 0 0 0 0 0 0 0 0 0 0 0 36 0 0 0 0
hsa-miR-892a 0 0 0 0 0 0 0 0 0 0 0 0 0 0 22 0 0 0 0 0 0 0 0 0 0 0 0 0 0 0 0 0 0 0 0 0 0 0 0 0 0 0 0 0 0 0 0 0 0 0 0 10 0 0 0 0 0 0 0 0 0 0 0 0 0 0 0 0 0 0 0 0 0 0 0 0 0 0 0 0 0 0 0 0 0 0 0 0 0 0 0 0 0 0 0 0
hsa-miR-939-3p 0 0 0 0 0 0 0 0 0 0 0 0 0 0 2 0 0 0 0 0 0 0 0 0 0 0 0 0 0 0 8 0 0 0 0 0 0 0 0 8 0 0 0 0 0 0 0 0 0 0 0 0 0 0 0 0 0 0 0 0 0 0 0 0 0 0 0 0 0 0 0 0 0 0 0 0 0 0 0 0 0 0 0 0 0 0 0 0 0 0 0 58 26 0 0 0
hsa-miR-96-3p 0 0 0 0 0 0 0 0 0 0 0 0 0 0 2 0 0 0 0 0 0 0 0 0 0 0 0 0 0 0 0 0 0 0 0 0 0 0 0 0 0 0 0 0 0 0 0 0 0 0 0 0 0 0 0 0 0 0 0 0 2 0 0 0 0 0 0 0 0 0 0 0 0 0 0 0 0 0 0 0 0 24 0 0 0 74 0 0 0 0 0 0 116 0 34 0
hsa-miR-19b-1-5p 0 0 0 0 0 0 0 0 0 0 0 0 0 0 0 6 0 0 0 0 0 0 0 0 0 0 0 0 0 0 0 0 0 0 0 0 0 0 0 0 0 0 0 0 0 0 0 0 0 0 0 0 38 0 0 0 2 0 4 0 0 0 0 0 12 0 0 0 0 0 0 0 0 0 0 0 0 0 0 0 0 0 0 0 0 0 46 0 0 0 0 0 154 34 49 0
hsa-miR-4419b 0 0 0 0 0 0 0 0 0 0 0 0 0 0 0 48 0 0 0 0 0 0 0 0 0 0 0 0 0 0 0 1 0 0 0 0 0 0 0 0 0 0 0 0 0 0 0 0 0 0 0 0 0 0 0 0 0 0 0 0 0 0 0 0 0 16 0 0 0 0 0 0 0 0 0 0 0 0 0 0 0 0 0 0 0 0 0 0 0 0 0 0 0 0 0 0
hsa-miR-4697-3p 0 0 0 0 0 0 0 0 0 0 0 0 0 0 0 56 0 0 0 0 0 0 0 0 0 0 0 0 0 0 0 0 0 0 0 0 0 0 0 0 0 0 0 0 0 0 0 0 0 0 0 0 0 0 0 0 18 0 0 0 0 0 0 0 0 0 0 0 0 0 0 0 0 0 0 0 0 0 0 0 0 0 0 0 0 0 0 0 0 0 0 0 0 0 0 0
hsa-miR-4708-5p 0 0 0 0 0 0 0 0 0 0 0 0 0 0 0 20 0 0 12 0 34 0 0 0 0 0 0 0 0 0 0 0 0 0 0 0 0 0 0 0 0 0 0 0 0 0 0 0 0 0 0 0 0 0 0 0 0 0 8 0 0 0 0 0 0 0 0 0 0 0 0 0 0 0 0 0 0 0 0 0 0 0 0 0 0 0 0 0 0 0 0 0 42 0 0 2
hsa-miR-4746-3p 0 0 0 0 0 0 0 0 0 0 0 0 0 0 0 2 0 0 0 0 0 0 0 0 0 0 0 0 0 0 0 0 0 0 0 0 0 0 0 0 0 0 0 0 0 0 0 0 0 0 0 0 0 0 0 0 0 0 0 0 0 0 0 0 0 0 0 0 0 0 0 0 0 0 0 0 0 0 0 0 0 0 0 0 0 0 0 0 0 0 0 2 72 0 0 0
hsa-miR-5047 0 0 0 0 0 0 0 0 0 0 0 0 0 0 0 134 0 0 0 0 0 0 0 0 0 0 0 0 0 0 0 0 0 0 0 0 0 0 0 0 0 0 0 2 0 0 0 0 0 0 0 0 0 0 0 52 0 0 38 0 0 0 0 0 0 0 0 0 0 68 0 0 0 0 0 0 0 0 0 0 0 0 0 4 0 0 98 0 0 0 0 0 0 0 0 0
hsa-miR-6720-3p 0 0 0 0 0 0 0 0 0 0 0 0 0 0 0 30 0 0 0 0 0 0 0 0 0 7 0 0 0 0 0 0 0 0 0 0 0 0 0 0 0 0 0 0 0 0 0 0 0 0 0 0 0 0 0 0 0 0 0 0 0 0 0 0 0 0 0 0 0 0 0 0 0 0 0 0 0 0 0 0 0 0 0 0 0 0 0 0 0 0 0 0 0 0 0 0
hsa-miR-6736-3p 0 0 0 0 0 0 0 0 0 0 0 0 0 0 0 6 0 24 0 2 0 0 0 0 0 0 4 0 0 0 0 0 0 0 0 0 0 0 0 0 0 1 0 0 0 0 0 42 0 0 0 0 0 0 0 0 0 0 0 0 0 0 0 0 0 0 0 8 0 0 0 0 0 0 0 0 0 0 0 52 0 0 0 0 0 0 0 0 0 0 10 0 0 0 0 0
hsa-miR-1178-3p 0 0 0 0 0 0 0 0 0 0 0 0 0 0 0 0 16 0 0 0 0 0 0 0 0 0 0 0 0 0 0 0 0 0 0 0 0 0 0 0 0 0 0 0 0 0 0 0 0 0 0 0 0 0 0 0 0 0 0 0 0 0 0 0 0 0 0 0 0 0 0 0 0 0 0 0 0 0 0 0 0 0 0 0 0 0 0 0 0 0 0 0 0 0 0 0
hsa-miR-1227-3p 0 0 0 0 0 0 0 0 0 0 0 0 0 0 0 0 80 0 0 0 0 0 0 0 0 0 0 0 0 0 14 0 0 0 0 0 0 0 0 0 0 0 0 0 0 0 0 0 0 0 0 38 26 0 0 0 0 0 0 0 0 0 0 0 0 0 0 0 0 0 0 0 0 0 0 0 0 0 0 0 0 0 0 0 0 0 0 0 0 0 0 0 0 0 0 0
hsa-miR-16-1-3p 0 0 0 0 0 0 0 0 0 0 0 0 0 0 0 0 10 0 0 0 0 0 0 0 2 13 0 0 0 0 0 0 0 0 0 0 0 0 0 0 34 0 0 0 0 0 0 0 0 60 2 0 0 0 0 0 0 0 4 0 2 0 0 0 0 0 0 0 0 0 0 0 0 0 0 0 0 0 0 0 0 0 0 0 0 0 0 0 0 0 202 102 186 40 25 0
hsa-miR-2115-3p 0 0 0 0 0 0 0 0 0 0 0 0 0 0 0 0 18 0 0 0 0 0 38 0 0 0 0 0 14 0 29 0 0 0 21 0 31 0 0 0 0 46 0 0 0 40 0 40 0 0 0 0 0 0 0 0 0 0 0 0 0 0 0 0 0 0 0 0 0 6 0 0 0 0 0 4 0 0 0 0 0 8 0 28 0 0 0 0 0 0 0 0 0 0 0 0
hsa-miR-323a-5p 0 0 0 0 0 0 0 0 0 0 0 0 0 0 0 0 22 0 0 0 0 0 0 0 0 0 0 0 0 0 0 0 0 0 0 0 0 0 0 0 0 0 0 0 0 0 0 0 0 0 0 0 0 0 0 0 0 0 0 0 0 0 0 0 0 0 0 84 0 26 0 0 0 0 0 0 0 0 0 0 0 0 0 0 0 0 0 0 0 0 0 0 0 0 0 0
hsa-miR-4423-5p 0 0 0 0 0 0 0 0 0 0 0 0 0 0 0 0 22 0 0 0 0 0 0 0 0 0 0 0 0 0 0 0 0 0 0 0 0 61 0 0 0 0 0 0 0 0 0 0 20 0 0 0 0 0 0 22 0 0 0 0 0 0 0 0 0 0 0 0 0 0 0 0 0 0 0 0 0 0 0 0 0 0 0 0 0 2 0 0 0 0 0 0 0 0 0 0
hsa-miR-449b-5p 0 0 0 0 0 0 0 0 0 0 0 0 0 0 0 0 40 0 0 0 0 0 0 0 0 0 0 0 0 0 0 0 0 0 0 0 8 0 0 0 0 0 0 0 0 0 0 0 0 0 0 0 0 0 0 0 0 0 0 0 0 0 0 0 0 0 0 0 0 0 0 0 0 40 0 0 0 0 0 2 0 0 0 0 0 0 0 12 0 0 0 0 0 0 61 0
hsa-miR-4512 0 0 0 0 0 0 0 0 0 0 0 0 0 0 0 0 2 0 32 0 0 0 0 0 0 0 0 0 0 0 0 0 0 0 0 0 0 0 0 0 0 0 0 0 0 0 0 0 0 0 0 0 0 0 0 0 0 0 0 0 0 0 0 0 0 0 0 0 0 18 0 0 0 0 0 0 0 0 0 0 0 0 0 0 0 0 0 0 0 0 0 0 44 72 63 0
hsa-miR-499b-3p 0 0 0 0 0 0 0 0 0 0 0 0 0 0 0 0 20 0 0 0 0 0 0 0 0 0 0 0 0 0 0 0 0 0 0 0 0 0 0 0 0 0 0 0 0 0 0 0 0 0 0 0 0 0 0 0 0 0 0 0 0 0 0 0 0 0 0 0 0 0 0 0 0 0 0 0 0 0 0 0 0 0 0 0 0 0 0 0 0 0 0 0 28 0 0 0
hsa-miR-548ba 0 0 0 0 0 0 0 0 0 0 0 0 0 0 0 0 20 0 0 0 0 0 0 0 0 0 0 0 0 0 0 0 0 0 0 0 0 0 0 0 0 0 0 0 0 0 0 0 0 0 0 0 0 0 0 0 0 0 0 0 0 0 0 0 0 0 0 0 0 0 0 0 0 0 0 0 0 0 0 0 0 0 0 0 0 0 0 0 0 0 0 0 0 0 0 0
hsa-miR-5584-5p 0 0 0 0 0 0 0 0 0 0 0 0 0 0 0 0 44 0 0 0 0 0 0 0 0 0 0 0 0 0 0 0 0 0 0 0 0 0 0 0 0 0 0 0 0 0 0 0 0 0 0 0 0 0 0 0 0 0 0 0 0 0 0 0 0 0 0 0 0 0 0 0 0 0 0 0 0 0 0 0 0 0 0 0 0 0 0 0 0 0 0 0 0 0 0 0
hsa-miR-570-5p 0 0 0 0 0 0 0 0 0 0 0 0 0 0 0 0 22 0 0 0 0 0 0 0 0 0 0 1 0 0 0 0 0 0 17 0 0 0 0 0 0 0 0 0 0 0 0 0 0 0 0 0 0 0 0 0 0 0 0 0 0 0 0 0 0 0 0 0 0 0 0 0 0 0 0 0 0 0 0 0 0 0 0 0 0 0 0 0 0 0 42 0 0 0 0 0
hsa-miR-597-3p 0 0 0 0 0 0 0 0 0 0 0 0 0 0 0 0 26 0 0 0 0 0 0 0 0 0 0 0 0 0 21 0 0 0 3 0 0 0 0 0 0 0 0 0 0 0 0 0 0 18 2 0 0 0 0 0 0 70 0 0 0 0 0 0 0 0 0 0 0 0 0 0 0 0 0 0 0 0 0 0 0 0 0 0 0 38 12 0 0 0 0 0 46 0 18 0
hsa-miR-6797-3p 0 0 0 0 0 0 0 0 0 0 0 0 0 0 0 0 6 0 0 0 0 0 0 0 0 0 0 0 0 0 0 0 0 0 0 0 0 0 0 0 0 0 0 0 0 0 0 0 0 0 0 0 0 0 0 0 0 0 0 0 0 0 78 0 0 0 0 0 0 0 0 0 0 0 0 0 0 0 26 0 0 0 0 14 0 0 0 0 0 0 0 0 2 58 0 0
hsa-miR-6802-5p 0 0 0 0 0 0 0 0 0 0 0 0 0 0 0 0 22 0 0 0 0 0 0 0 0 0 0 0 0 0 10 0 0 0 0 0 0 0 0 0 0 0 0 0 0 0 0 0 0 0 0 0 0 0 0 0 0 0 0 0 0 0 0 0 0 0 0 0 0 0 0 0 0 0 0 0 0 0 0 0 0 0 0 0 0 0 20 0 0 0 0 0 0 22 55 0
hsa-miR-7852-3p 0 0 0 0 0 0 0 0 0 0 0 0 0 0 0 0 4 0 0 0 0 0 0 0 0 0 0 0 0 0 0 0 0 0 0 0 0 0 0 0 0 0 0 0 0 0 0 0 0 0 0 0 0 0 0 0 0 0 0 0 0 0 0 0 0 0 0 0 0 0 0 0 0 0 0 0 0 0 0 0 0 0 10 0 0 0 0 0 0 0 0 0 0 0 0 0
hsa-miR-4520-2-3p 0 0 0 0 0 0 0 0 0 0 0 0 0 0 0 0 0 22 0 0 0 0 0 0 0 0 0 0 0 0 0 0 0 0 0 3 0 0 0 0 0 0 0 0 0 0 0 0 0 0 22 0 0 0 0 0 0 0 0 0 0 0 0 0 0 0 0 0 0 0 0 0 0 0 0 0 0 0 0 0 0 0 0 0 0 0 0 0 0 0 0 0 0 0 0 0
hsa-miR-4520-3p 0 0 0 0 0 0 0 0 0 0 0 0 0 0 0 0 0 22 0 0 0 0 0 0 13 0 0 0 0 0 0 0 0 0 0 3 0 0 8 0 0 0 0 0 0 0 0 0 0 0 22 0 20 0 0 0 0 0 0 0 0 0 0 0 0 0 82 0 0 0 0 0 0 0 0 34 0 0 0 0 0 16 0 4 0 0 28 0 0 0 0 2 52 0 0 0
hsa-miR-4647 0 0 0 0 0 0 0 0 0 0 0 0 0 0 0 0 0 2 0 0 0 0 0 0 4 0 0 0 0 0 0 10 0 0 0 0 0 0 0 0 0 0 0 12 0 0 0 0 0 0 0 0 0 0 0 0 0 0 0 0 32 0 0 0 38 0 0 0 0 0 0 0 0 0 8 0 0 0 0 0 72 0 0 0 2 0 0 0 0 0 0 0 0 0 0 0
hsa-miR-4747-5p 0 0 0 0 0 0 0 0 0 0 0 0 0 0 0 0 0 2 0 0 0 0 0 0 0 0 0 0 0 0 0 0 0 0 0 0 0 0 0 0 0 0 0 0 0 0 0 0 0 0 0 0 0 0 0 0 0 0 0 0 30 0 0 0 0 0 0 0 0 0 0 0 0 0 0 0 0 0 0 0 0 0 0 0 0 0 0 0 0 0 0 0 0 0 0 0
hsa-miR-512-3p 0 0 0 0 0 0 0 0 0 0 0 0 0 0 0 0 0 122 0 0 0 0 0 0 0 0 0 0 24 0 0 0 0 0 0 0 0 0 0 0 0 0 0 0 0 0 0 0 0 0 0 54 0 0 0 0 0 0 0 0 0 0 0 0 0 0 0 0 0 0 0 0 0 0 0 0 0 0 0 0 0 0 0 0 0 0 16 0 0 0 18 0 44 0 0 0
hsa-miR-520g-3p 0 0 0 0 0 0 0 0 0 0 0 0 0 0 0 0 0 30 0 0 0 0 0 0 0 0 0 0 0 0 0 0 0 0 0 0 0 0 0 0 0 0 0 0 0 0 0 0 0 0 0 2 0 0 0 0 0 0 0 0 0 0 0 0 0 0 0 0 0 0 0 0 0 0 0 0 0 0 0 0 0 0 0 0 0 0 10 0 0 0 0 0 0 0 0 0
hsa-miR-520h 0 0 0 0 0 0 0 0 0 0 0 0 0 0 0 0 0 30 0 0 0 0 0 0 0 0 0 0 0 0 0 0 0 0 0 0 0 0 0 0 0 0 0 0 0 0 0 0 0 0 0 2 0 0 0 0 0 0 0 0 0 0 0 0 0 0 0 0 0 0 0 0 0 0 0 0 0 0 0 0 0 0 0 0 0 0 10 0 0 0 0 0 0 0 0 0
hsa-miR-525-3p 0 0 0 0 0 0 0 0 0 0 0 0 0 0 0 0 0 2 0 0 0 0 0 0 0 0 0 0 0 0 0 0 0 0 0 0 0 0 0 0 0 0 0 0 0 0 0 0 0 0 0 0 0 0 0 0 0 0 0 0 0 0 0 0 0 0 0 0 0 0 0 0 0 0 0 0 0 0 0 0 0 0 0 0 0 0 0 0 0 0 0 0 0 0 0 0
hsa-miR-6508-3p 0 0 0 0 0 0 0 0 0 0 0 0 0 0 0 0 0 2 0 0 0 0 0 0 24 0 3 0 0 3 29 0 0 0 0 0 0 0 0 0 0 0 0 0 0 0 0 0 0 0 0 0 0 0 0 0 0 0 0 0 0 0 0 0 0 0 0 0 0 24 0 0 0 0 0 0 0 0 0 0 0 0 0 0 0 0 0 0 0 0 0 0 0 0 0 0
hsa-miR-6510-3p 0 0 0 0 0 0 0 0 0 0 0 0 0 0 0 0 0 2 0 0 0 0 0 0 0 0 0 0 0 0 0 0 0 0 0 0 0 0 0 0 0 0 0 0 0 0 0 0 0 0 0 0 0 0 0 0 0 0 0 0 678 0 0 0 0 0 0 0 0 0 0 0 0 0 0 0 0 0 0 0 0 0 0 0 0 0 0 0 0 0 0 0 0 0 0 0
hsa-miR-6813-5p 0 0 0 0 0 0 0 0 0 0 0 0 0 0 0 0 0 2 0 0 0 0 0 0 0 0 0 0 0 0 0 0 0 0 0 0 0 0 0 0 0 0 0 0 0 0 0 0 0 0 0 0 0 0 0 0 0 0 0 0 14 0 0 0 0 0 0 0 0 0 0 0 0 0 0 0 0 0 0 0 0 0 0 38 0 0 0 0 0 0 0 44 6 0 0 60
hsa-miR-6849-3p 0 0 0 0 0 0 0 0 0 0 0 0 0 0 0 0 0 44 0 0 0 0 0 0 0 0 0 0 0 0 0 0 0 0 0 16 0 0 0 0 0 0 0 0 0 0 0 0 26 0 0 0 0 0 0 0 0 0 0 0 0 0 0 0 0 36 0 0 0 0 0 0 0 0 0 4 0 0 0 0 0 0 0 16 2 0 0 0 0 0 0 38 0 0 0 0
hsa-miR-6857-5p 0 0 0 0 0 0 0 0 0 0 0 0 0 0 0 0 0 2 0 0 0 0 0 0 0 0 0 0 0 0 0 0 0 0 0 0 0 0 0 0 0 0 0 0 0 0 0 0 0 0 0 0 0 0 0 0 0 0 0 0 0 0 0 0 0 0 0 0 0 0 0 0 0 0 0 0 0 0 0 0 0 0 0 0 0 0 0 0 0 0 0 0 0 0 0 0
hsa-miR-939-5p 0 0 0 0 0 0 0 0 0 0 0 0 0 0 0 0 0 74 16 0 0 0 68 0 0 0 0 0 0 0 0 0 0 12 0 0 0 0 0 0 0 0 1 0 0 0 2 0 0 0 0 0 0 0 0 0 0 0 0 0 40 0 0 0 0 68 0 4 0 0 0 0 0 0 0 0 38 0 0 0 0 0 0 0 0 12 0 0 0 0 0 0 176 62 0 0
hsa-miR-1226-5p 0 0 0 0 0 0 0 0 0 0 0 0 0 0 0 0 0 0 2 0 0 0 0 0 0 0 0 0 0 0 0 0 0 0 0 0 0 0 0 0 0 0 0 0 0 0 0 0 0 0 0 36 0 0 0 0 0 0 0 0 0 0 0 0 0 0 0 0 0 0 0 0 0 0 0 0 0 0 0 0 0 0 0 0 0 0 0 0 0 0 0 0 0 44 9 16
hsa-miR-1283 0 0 0 0 0 0 0 0 0 0 0 0 0 0 0 0 0 0 10 0 0 0 0 0 0 0 0 0 0 0 0 0 0 0 0 0 0 0 0 0 0 0 0 0 0 0 0 0 0 0 0 12 0 0 0 0 0 0 0 0 0 0 0 0 0 0 0 0 0 0 0 0 0 0 0 0 0 0 0 0 0 0 0 0 0 0 0 0 0 0 0 0 0 0 0 0
hsa-miR-3161 0 0 0 0 0 0 0 0 0 0 0 0 0 0 0 0 0 0 2 0 0 0 2 0 0 0 0 0 0 0 0 0 0 0 0 0 0 0 0 0 0 0 0 0 0 0 0 0 0 0 0 0 0 0 0 0 0 0 0 0 0 0 0 0 0 0 0 0 0 0 0 30 0 0 0 0 0 0 0 0 0 0 16 0 0 0 0 0 0 0 0 150 48 0 0 0
hsa-miR-3655 0 0 0 0 0 0 0 0 0 0 0 0 0 0 0 0 0 0 16 0 0 0 0 0 0 0 0 0 0 4 0 0 0 0 0 0 0 0 0 0 0 0 0 0 0 0 0 0 0 0 0 2 0 0 0 0 0 0 0 0 12 0 0 0 0 52 0 0 0 0 0 0 0 0 0 0 0 0 0 0 0 0 0 4 0 0 10 0 0 0 0 0 0 0 0 0
hsa-miR-3662 0 0 0 0 0 0 0 0 0 0 0 0 0 0 0 0 0 0 10 0 0 0 0 0 0 0 0 0 0 0 0 1 0 0 0 0 0 0 0 0 0 0 0 0 0 0 0 0 0 6 0 0 0 0 0 0 0 0 0 0 0 0 0 0 0 0 0 4 50 0 0 0 0 0 0 0 0 0 0 0 0 0 0 0 0 0 0 0 0 0 106 134 80 78 5 0
hsa-miR-378i 0 0 0 0 0 0 0 0 0 0 0 0 0 0 0 0 0 0 2 0 0 0 0 0 0 0 1 0 0 0 0 9 0 0 0 0 0 0 0 0 0 0 0 2 0 0 0 0 0 0 0 0 0 0 0 0 0 0 2 0 0 0 0 0 0 0 0 0 0 0 0 0 0 0 0 0 0 0 0 0 0 0 0 0 0 0 0 2 0 0 0 0 2 0 0 1
hsa-miR-4424 0 0 0 0 0 0 0 0 0 0 0 0 0 0 0 0 0 0 6 0 0 0 0 0 0 0 0 0 0 0 19 0 0 0 0 0 0 0 0 0 0 0 0 0 0 0 0 0 0 0 0 0 0 0 0 0 0 0 0 0 0 0 0 0 0 0 0 0 76 0 0 0 0 0 0 0 0 0 0 0 0 0 0 0 0 0 0 0 0 0 0 0 90 0 0 0
hsa-miR-449b-3p 0 0 0 0 0 0 0 0 0 0 0 0 0 0 0 0 0 0 16 32 0 104 0 104 0 0 0 0 0 0 0 0 0 0 0 0 0 0 0 0 0 0 0 0 0 0 0 0 0 0 0 0 0 0 0 0 0 0 0 0 0 0 0 0 0 0 0 0 0 0 0 0 0 0 0 0 0 0 0 0 0 0 0 54 0 0 0 0 0 0 0 0 0 0 0 0
hsa-miR-4645-3p 0 0 0 0 0 0 0 0 0 0 0 0 0 0 0 0 0 0 16 0 0 0 0 0 0 0 0 2 0 0 0 0 0 0 0 0 9 0 0 0 0 0 0 0 16 0 0 0 0 0 0 6 0 0 0 0 0 0 0 0 0 0 0 0 0 0 0 0 4 0 0 22 0 0 0 0 0 0 0 0 0 22 0 0 0 0 0 0 0 0 0 0 0 0 0 0
hsa-miR-4732-5p 0 0 0 0 0 0 0 0 0 0 0 0 0 0 0 0 0 0 38 0 0 0 0 0 0 0 0 0 0 0 0 0 0 0 0 0 0 0 0 0 10 0 0 0 0 0 0 0 0 0 0 0 0 0 0 0 16 0 0 0 0 0 0 0 0 0 0 0 0 0 0 0 0 0 0 0 0 0 0 0 0 0 0 2 0 0 0 0 0 0 0 0 0 0 0 0
hsa-miR-5009-3p 0 0 0 0 0 0 0 0 0 0 0 0 0 0 0 0 0 0 10 0 0 0 0 0 0 0 0 0 0 0 0 0 0 0 0 0 0 0 0 0 0 0 0 0 0 0 0 0 0 0 0 0 0 0 0 0 0 0 0 0 0 0 0 0 0 0 0 0 0 0 0 0 0 0 0 0 0 0 0 0 0 0 0 0 0 0 0 0 0 0 0 0 0 0 0 0
hsa-miR-548a-5p 0 0 0 0 0 0 0 0 0 0 0 0 0 0 0 0 0 0 22 0 0 0 24 28 0 0 0 0 0 0 0 0 0 0 0 0 0 12 6 0 0 0 0 0 18 0 0 0 0 0 0 0 0 0 0 0 0 0 0 0 0 0 0 0 0 0 0 0 0 0 0 0 0 0 0 0 0 0 0 0 0 46 0 0 0 0 0 0 0 0 0 0 0 0 0 0
hsa-miR-548aj-3p 0 0 0 0 0 0 0 0 0 0 0 0 0 0 0 0 0 0 4 0 0 0 0 0 0 0 0 0 0 0 0 0 0 0 0 0 0 0 0 0 31 0 0 0 0 0 0 0 0 0 0 0 0 0 0 28 0 0 0 0 0 0 0 0 0 30 0 0 0 0 0 0 0 0 0 0 0 0 0 0 0 0 0 0 0 0 160 94 0 2 0 0 0 0 0 0
hsa-miR-5684 0 0 0 0 0 0 0 0 0 0 0 0 0 0 0 0 0 0 8 0 0 0 0 34 0 0 0 0 0 0 0 0 0 0 0 0 0 0 0 0 0 0 0 0 0 0 0 0 2 0 0 0 0 0 0 0 0 0 0 0 0 0 0 0 0 0 0 0 0 0 0 0 0 0 0 0 0 0 0 0 0 0 0 0 0 0 0 0 0 0 0 0 0 0 0 0
hsa-miR-6506-5p 0 0 0 0 0 0 0 0 0 0 0 0 0 0 0 0 0 0 2 0 0 0 0 0 11 0 0 4 0 0 0 0 0 0 0 0 0 0 0 0 0 0 7 0 0 0 0 0 0 0 0 0 0 0 0 0 0 0 0 0 0 0 0 0 0 0 0 0 0 0 0 0 0 0 0 0 0 0 0 0 0 0 0 4 0 0 20 0 0 0 0 0 0 0 0 0
hsa-miR-6733-5p 0 0 0 0 0 0 0 0 0 0 0 0 0 0 0 0 0 0 12 0 0 0 0 0 0 0 0 1 17 0 10 0 0 0 0 2 13 0 0 0 0 0 0 0 0 62 0 0 0 6 0 0 0 0 0 0 0 0 0 0 22 0 0 0 0 98 0 0 0 0 0 0 0 0 0 0 0 0 0 0 0 0 0 0 20 0 14 0 0 0 0 136 18 0 32 44
hsa-miR-6738-3p 0 0 0 0 0 0 0 0 0 0 0 0 0 0 0 0 0 0 14 0 0 0 0 0 0 0 0 3 0 0 0 0 0 0 0 0 0 0 0 0 0 0 0 0 0 0 0 0 0 8 0 0 0 0 0 0 0 0 0 0 28 0 0 0 20 0 0 0 0 0 0 0 0 0 0 0 0 0 0 0 0 0 0 0 0 0 0 40 0 0 40 0 0 0 0 26
hsa-miR-6764-3p 0 0 0 0 0 0 0 0 0 0 0 0 0 0 0 0 0 0 24 0 0 0 0 0 0 0 0 0 0 0 0 0 0 0 7 0 0 0 0 0 0 0 0 4 0 0 0 0 0 0 0 0 0 0 0 0 0 0 0 0 0 0 0 0 0 0 0 0 0 0 0 0 0 0 0 0 0 0 0 0 0 0 0 26 0 0 0 0 0 0 0 0 34 0 0 0
hsa-miR-6832-5p 0 0 0 0 0 0 0 0 0 0 0 0 0 0 0 0 0 0 16 0 0 0 72 0 0 0 0 0 0 0 0 0 0 0 0 0 0 0 0 0 0 0 0 0 0 0 0 0 0 0 0 0 0 0 0 0 0 0 0 0 0 0 0 18 0 0 0 0 0 0 0 0 0 0 0 0 0 0 0 0 0 0 0 0 0 0 0 0 0 0 32 0 0 0 0 45
hsa-miR-6853-5p 0 0 0 0 0 0 0 0 0 0 0 0 0 0 0 0 0 0 14 0 0 0 0 0 0 0 0 0 0 0 0 0 0 0 0 0 0 0 0 0 0 0 0 0 0 0 0 0 0 0 0 0 0 0 0 0 0 0 0 0 0 0 0 0 0 0 0 0 0 0 0 0 0 0 0 0 0 0 4 0 0 0 0 0 0 2 0 0 0 0 0 0 0 0 0 0
hsa-miR-3660 0 0 0 0 0 0 0 0 0 0 0 0 0 0 0 0 0 0 0 6 0 0 0 0 0 0 0 0 0 0 0 0 0 0 0 0 0 0 0 0 0 0 0 0 0 0 0 0 0 0 0 0 0 0 0 0 0 0 0 0 0 0 0 0 0 0 0 0 0 0 0 0 0 0 0 0 0 0 0 2 0 0 0 0 0 0 0 0 0 0 268 16 260 0 175 19
hsa-miR-3677-3p 0 0 0 0 0 0 0 0 0 0 0 0 0 0 0 0 0 0 0 2 0 0 0 0 0 0 0 0 0 0 0 0 0 0 0 0 0 0 0 0 1 0 0 0 0 0 0 0 0 0 0 0 0 0 0 0 0 0 0 0 0 0 0 0 86 0 0 0 0 0 0 0 0 0 0 0 0 0 0 0 0 0 0 0 2 0 0 0 0 0 0 0 0 0 0 0
hsa-miR-4442 0 0 0 0 0 0 0 0 0 0 0 0 0 0 0 0 0 0 0 36 0 0 0 0 0 0 0 0 12 0 0 0 0 1 4 0 7 0 0 0 0 0 0 0 0 0 0 0 24 0 0 0 0 0 0 0 4 0 0 0 0 0 0 0 0 0 0 0 0 0 6 0 0 0 0 0 0 0 0 92 0 0 0 0 0 0 0 0 0 2 0 0 0 0 0 0
hsa-miR-4519 0 0 0 0 0 0 0 0 0 0 0 0 0 0 0 0 0 0 0 2 0 0 0 0 0 0 0 0 0 0 0 0 0 0 0 0 0 0 0 0 0 0 0 0 0 0 0 0 0 0 0 0 0 0 14 0 0 0 0 0 0 0 0 0 0 0 0 0 0 0 0 0 0 0 0 0 0 0 0 0 0 0 0 0 0 0 0 0 2 0 104 0 76 22 0 0
hsa-miR-4533 0 0 0 0 0 0 0 0 0 0 0 0 0 0 0 0 0 0 0 24 0 0 0 0 0 0 0 0 0 0 0 0 0 0 0 0 0 0 0 0 0 0 0 0 0 0 0 0 0 0 0 0 40 0 0 0 0 0 0 0 0 0 0 0 0 0 0 0 0 0 0 0 0 0 0 0 0 0 0 0 0 0 0 0 0 0 0 0 0 0 0 0 0 0 0 44
hsa-miR-6727-5p 0 0 0 0 0 0 0 0 0 0 0 0 0 0 0 0 0 0 0 2 0 0 0 0 0 0 0 0 0 0 2 0 0 0 0 0 0 0 0 0 0 0 0 0 0 0 0 0 0 0 0 0 0 0 0 0 0 0 0 0 0 0 0 0 0 20 0 0 0 0 0 0 0 0 42 0 0 0 0 0 0 0 0 0 0 0 0 0 0 0 0 0 58 4 0 13
hsa-miR-1229-5p 0 0 0 0 0 0 0 0 0 0 0 0 0 0 0 0 0 0 0 0 54 0 0 0 0 0 3 0 0 0 0 0 0 0 0 0 8 0 0 0 0 0 0 0 0 0 0 0 10 0 0 0 0 0 0 0 0 0 0 0 0 0 0 0 0 0 0 0 0 0 0 0 0 0 0 0 0 0 0 0 0 12 0 0 0 0 0 0 0 0 0 0 0 0 0 0
hsa-miR-3939 0 0 0 0 0 0 0 0 0 0 0 0 0 0 0 0 0 0 0 0 86 0 0 0 7 0 0 3 0 0 0 0 0 0 0 0 0 0 0 0 0 0 0 0 0 0 0 0 0 0 0 0 0 0 0 0 0 0 0 0 0 0 0 0 0 0 0 0 0 0 0 0 0 0 0 0 0 0 0 0 0 0 0 0 0 0 0 0 0 0 0 0 40 0 0 33
hsa-miR-4417 0 0 0 0 0 0 0 0 0 0 0 0 0 0 0 0 0 0 0 0 34 0 0 0 0 0 0 0 0 0 0 0 0 0 0 0 0 0 0 0 0 0 0 0 0 0 0 0 0 0 0 0 0 0 0 0 0 0 0 0 0 0 0 0 0 0 0 0 0 0 0 0 0 0 0 0 0 0 0 0 0 0 0 0 0 0 56 0 0 0 0 0 0 0 0 0
hsa-miR-487a-5p 0 0 0 0 0 0 0 0 0 0 0 0 0 0 0 0 0 0 0 0 90 0 52 0 11 0 0 0 1 0 25 0 0 0 0 0 0 14 0 0 0 0 0 0 0 0 0 0 0 0 0 36 8 0 0 0 4 62 0 0 0 0 0 0 0 70 0 18 0 0 0 0 0 0 0 0 0 0 0 0 0 0 8 0 0 0 0 0 0 0 0 0 0 0 0 0
hsa-miR-6723-5p 0 0 0 0 0 0 0 0 0 0 0 0 0 0 0 0 0 0 0 0 48 0 34 0 0 0 0 0 0 0 0 0 0 0 0 19 4 0 0 0 0 0 0 0 0 0 26 2 14 0 0 10 0 0 0 0 0 0 2 0 0 0 0 0 0 0 0 0 0 0 0 0 0 0 0 0 50 0 0 0 0 0 0 0 0 0 2 0 26 0 0 28 228 50 30 34
hsa-miR-6838-5p 0 0 0 0 0 0 0 0 0 0 0 0 0 0 0 0 0 0 0 0 2 0 0 0 0 0 0 0 0 3 0 0 0 0 0 0 0 0 0 0 0 0 0 0 0 0 0 0 0 0 0 0 0 0 0 54 0 0 0 0 0 0 0 28 0 0 0 0 0 0 0 118 0 24 0 0 0 0 0 0 0 0 0 0 0 0 0 40 0 0 56 0 0 0 0 0
hsa-miR-4719 0 0 0 0 0 0 0 0 0 0 0 0 0 0 0 0 0 0 0 0 0 8 0 0 0 0 0 1 0 0 0 0 0 0 0 0 0 0 0 0 0 0 0 0 0 0 0 0 0 0 0 0 0 0 0 0 0 0 0 0 0 0 0 0 0 0 0 0 0 0 0 0 0 0 0 0 0 0 0 0 0 0 0 0 0 0 0 0 0 0 0 0 0 0 0 0
hsa-miR-6731-5p 0 0 0 0 0 0 0 0 0 0 0 0 0 0 0 0 0 0 0 0 0 6 0 0 0 0 0 0 0 0 6 0 0 0 0 0 0 0 2 0 0 0 0 0 0 0 4 42 0 0 0 0 0 0 0 0 0 0 88 0 0 0 0 0 0 0 0 0 0 0 0 0 0 0 0 0 0 0 0 0 0 0 0 0 0 0 58 0 0 0 70 0 0 0 0 0
hsa-miR-6775-5p 0 0 0 0 0 0 0 0 0 0 0 0 0 0 0 0 0 0 0 0 0 38 0 0 0 0 0 0 0 0 0 0 0 0 0 0 0 0 0 0 0 0 0 0 0 0 0 0 0 0 0 0 0 0 0 0 0 0 0 0 0 0 0 0 0 0 0 0 0 0 0 0 0 0 0 0 0 0 0 0 0 0 0 0 0 0 0 0 0 0 0 0 0 0 0 0
hsa-miR-1227-5p 0 0 0 0 0 0 0 0 0 0 0 0 0 0 0 0 0 0 0 0 0 0 44 0 0 0 0 0 0 0 0 0 0 0 0 0 0 0 0 0 0 0 0 0 0 0 0 0 0 0 0 0 0 0 0 0 0 0 0 0 0 0 0 0 0 0 0 0 0 0 0 0 0 0 0 0 0 0 0 0 0 0 0 0 0 0 0 0 0 0 0 0 0 0 0 0
hsa-miR-200b-5p 0 0 0 0 0 0 0 0 0 0 0 0 0 0 0 0 0 0 0 0 0 0 72 2 0 0 3 0 18 0 14 0 1 0 6 0 0 16 0 0 0 0 0 0 0 2 0 0 2 40 0 4 0 0 0 0 0 0 0 0 76 0 0 0 0 0 0 0 1364 2 0 0 0 0 0 2 2 0 62 0 0 2 0 8 0 0 0 0 0 0 0 0 0 0 0 0
hsa-miR-202-5p 0 0 0 0 0 0 0 0 0 0 0 0 0 0 0 0 0 0 0 0 0 0 4 0 4 0 0 0 0 0 0 0 0 0 0 0 41 13 0 0 0 0 0 0 0 0 0 0 0 0 0 0 0 0 0 0 0 0 0 0 0 0 110 0 2 0 0 0 0 0 0 0 0 0 0 0 0 0 0 0 0 0 0 8 0 0 0 38 0 0 0 0 0 2 0 0
hsa-miR-34c-3p 0 0 0 0 0 0 0 0 0 0 0 0 0 0 0 0 0 0 0 0 0 0 52 0 0 0 0 0 0 0 0 0 0 0 0 0 0 0 0 0 0 0 0 0 0 0 0 0 0 0 0 0 0 0 0 0 0 0 0 0 0 0 0 0 0 0 0 0 0 0 0 0 0 0 0 0 2 0 0 0 0 0 0 0 0 0 0 0 0 0 24 0 88 0 0 0
hsa-miR-3617-3p 0 0 0 0 0 0 0 0 0 0 0 0 0 0 0 0 0 0 0 0 0 0 60 0 0 0 0 0 0 0 0 0 0 0 9 0 0 0 0 0 0 0 0 0 0 0 0 0 0 0 0 6 0 0 0 0 0 0 0 0 0 0 0 0 0 0 0 0 84 0 0 0 0 0 0 0 0 0 0 0 0 0 0 0 0 0 0 0 0 0 0 0 0 0 0 0
hsa-miR-3675-3p 0 0 0 0 0 0 0 0 0 0 0 0 0 0 0 0 0 0 0 0 0 0 2 0 0 0 0 0 0 0 0 0 0 0 0 0 0 0 0 1 0 0 0 2 0 0 0 0 0 0 0 0 0 0 0 0 0 0 0 0 0 0 0 0 0 0 0 0 0 0 0 0 0 0 0 0 0 0 0 0 0 0 0 0 0 0 0 0 0 0 36 38 92 62 35 0
hsa-miR-3684 0 0 0 0 0 0 0 0 0 0 0 0 0 0 0 0 0 0 0 0 0 0 98 0 0 0 0 0 0 0 0 0 0 0 7 0 0 0 0 0 0 0 0 4 0 0 0 0 0 0 0 0 0 0 0 0 0 0 46 0 0 0 0 0 0 0 0 0 0 0 2 0 0 0 0 0 0 0 0 0 0 0 0 0 0 0 0 0 0 0 0 0 0 0 0 0
hsa-miR-3689a-5p 0 0 0 0 0 0 0 0 0 0 0 0 0 0 0 0 0 0 0 0 0 0 2 0 0 0 0 0 0 0 0 0 0 0 0 0 0 0 0 0 0 0 0 0 0 0 0 0 0 0 0 0 0 0 0 0 0 0 0 0 0 0 0 0 0 0 0 0 0 0 0 0 0 0 0 0 0 0 0 0 0 0 0 0 0 0 0 8 0 0 320 0 514 98 0 0
hsa-miR-3689b-5p 0 0 0 0 0 0 0 0 0 0 0 0 0 0 0 0 0 0 0 0 0 0 2 0 0 0 0 0 0 0 0 0 0 0 0 0 0 0 0 0 0 0 0 0 0 0 0 0 0 0 0 0 0 0 0 0 0 0 0 0 0 0 0 0 0 0 0 0 0 0 0 0 0 0 0 0 0 0 0 0 0 0 0 0 0 0 0 8 0 0 320 0 514 98 0 0
hsa-miR-3689e 0 0 0 0 0 0 0 0 0 0 0 0 0 0 0 0 0 0 0 0 0 0 2 0 0 0 0 0 0 0 0 0 0 0 0 0 0 0 0 0 0 0 0 0 0 0 0 0 0 0 0 0 0 0 0 0 0 0 0 0 0 0 0 0 0 0 0 0 0 0 0 0 0 0 0 0 0 0 0 0 0 0 0 0 0 0 0 8 0 0 320 0 514 98 0 0
hsa-miR-433-5p 0 0 0 0 0 0 0 0 0 0 0 0 0 0 0 0 0 0 0 0 0 0 60 0 0 0 0 0 0 0 0 0 0 0 0 0 0 0 0 0 0 0 0 0 0 0 0 0 0 0 0 0 0 0 0 0 0 0 0 0 0 0 0 0 0 0 0 0 0 0 0 0 0 0 0 0 0 0 0 0 4 0 0 0 0 0 0 0 0 0 0 0 0 0 0 0
hsa-miR-4464 0 0 0 0 0 0 0 0 0 0 0 0 0 0 0 0 0 0 0 0 0 0 86 0 0 0 0 0 10 0 0 0 0 0 0 0 0 0 0 0 0 0 0 0 0 0 0 0 0 0 0 2 0 0 0 0 0 0 0 0 0 0 2 0 0 0 0 0 0 32 0 0 0 0 36 0 24 0 0 0 0 0 0 0 0 0 0 0 0 2 0 0 0 2 0 0
hsa-miR-4636 0 0 0 0 0 0 0 0 0 0 0 0 0 0 0 0 0 0 0 0 0 0 38 0 0 0 0 0 0 0 0 0 7 5 0 0 0 0 30 0 0 0 0 0 0 0 0 0 0 0 0 0 0 0 0 0 0 0 0 0 78 0 0 0 0 10 0 0 0 0 0 0 0 50 0 0 0 0 0 0 0 0 0 0 0 0 0 0 0 0 0 0 0 0 0 0
hsa-miR-4714-3p 0 0 0 0 0 0 0 0 0 0 0 0 0 0 0 0 0 0 0 0 0 0 2 0 0 0 0 0 0 0 0 0 0 0 0 0 0 0 0 0 0 0 0 0 0 0 0 0 0 0 0 0 0 0 0 0 0 0 0 0 0 0 0 0 0 0 0 0 0 0 0 0 0 0 0 0 0 0 0 0 0 0 0 0 0 36 0 0 0 0 0 0 0 0 44 0
hsa-miR-4738-3p 0 0 0 0 0 0 0 0 0 0 0 0 0 0 0 0 0 0 0 0 0 0 40 0 0 0 0 0 0 0 0 0 0 0 0 0 0 0 0 0 0 0 0 0 0 0 12 0 0 0 0 0 0 0 0 0 0 0 0 0 0 0 0 0 0 0 0 0 0 0 0 0 0 0 0 0 0 0 0 0 0 0 0 0 0 0 0 0 0 0 0 0 0 0 0 0
hsa-miR-548y 0 0 0 0 0 0 0 0 0 0 0 0 0 0 0 0 0 0 0 0 0 0 2 0 0 0 0 0 0 0 0 0 0 0 0 0 0 0 0 0 0 0 0 0 0 0 0 0 0 0 0 0 0 2 0 0 0 0 0 0 0 0 0 0 0 0 0 0 0 0 0 0 0 0 0 0 0 0 0 0 34 0 0 0 0 0 0 0 0 0 92 4 200 0 13 9
hsa-miR-6737-3p 0 0 0 0 0 0 0 0 0 0 0 0 0 0 0 0 0 0 0 0 0 0 68 0 0 0 0 0 0 0 0 0 0 0 0 0 0 0 0 0 0 0 0 0 0 0 0 0 0 0 0 0 0 0 2 0 0 0 0 0 0 0 0 0 0 0 0 0 0 0 0 0 0 0 0 0 0 0 0 0 0 0 0 0 0 0 0 0 0 0 0 0 0 0 0 0
hsa-miR-6739-5p 0 0 0 0 0 0 0 0 0 0 0 0 0 0 0 0 0 0 0 0 0 0 80 0 0 0 0 0 0 0 0 0 0 0 0 0 0 0 0 0 0 0 0 0 0 0 0 0 0 0 0 0 0 0 0 0 0 0 2 0 0 0 0 0 0 0 0 0 0 0 0 0 0 0 0 0 0 0 0 0 0 0 0 0 0 0 0 0 0 0 0 0 0 0 0 0
hsa-miR-6748-5p 0 0 0 0 0 0 0 0 0 0 0 0 0 0 0 0 0 0 0 0 0 0 42 0 0 0 0 0 0 0 0 0 0 0 0 0 0 0 0 0 0 0 0 0 0 0 0 0 0 0 0 0 0 0 0 0 0 0 0 0 0 0 0 0 0 0 0 0 0 0 0 0 0 2 0 0 0 0 0 0 0 0 0 18 0 0 0 0 0 0 0 0 0 0 0 0
hsa-miR-6775-3p 0 0 0 0 0 0 0 0 0 0 0 0 0 0 0 0 0 0 0 0 0 0 44 0 0 0 0 0 0 0 0 0 0 0 0 0 0 0 0 0 0 0 0 8 0 0 24 0 0 0 0 2 0 0 0 0 0 0 0 0 0 0 0 0 0 0 0 0 0 0 0 0 0 0 0 0 0 0 0 0 0 0 0 0 0 0 0 0 0 0 0 0 0 0 0 45
hsa-miR-6791-5p 0 0 0 0 0 0 0 0 0 0 0 0 0 0 0 0 0 0 0 0 0 0 74 0 0 0 0 0 0 0 0 0 0 0 0 0 0 0 0 0 0 0 0 0 0 0 0 0 0 0 0 0 0 0 0 0 0 0 0 0 0 0 0 0 0 0 0 0 0 0 0 0 0 0 0 0 0 0 0 0 0 0 0 0 0 0 0 0 0 0 0 0 0 28 0 0
hsa-miR-6810-5p 0 0 0 0 0 0 0 0 0 0 0 0 0 0 0 0 0 0 0 0 0 0 30 0 0 0 0 2 0 0 0 0 0 0 0 0 0 0 0 0 0 0 0 0 0 0 0 0 0 0 0 0 0 0 0 0 0 0 0 0 0 0 0 0 0 0 0 0 0 0 0 0 0 0 0 0 0 0 0 0 0 0 0 0 0 0 0 0 0 0 0 0 0 0 0 0
hsa-miR-7843-3p 0 0 0 0 0 0 0 0 0 0 0 0 0 0 0 0 0 0 0 0 0 0 50 0 0 0 0 0 0 0 0 0 0 0 0 0 0 0 0 0 0 0 0 0 0 0 0 0 0 0 0 0 0 0 0 0 0 0 0 0 0 0 0 0 0 0 0 0 0 0 0 0 0 0 0 0 0 0 0 0 0 0 0 0 0 0 0 0 0 0 0 0 0 0 0 0
hsa-let-7e-3p 0 0 0 0 0 0 0 0 0 0 0 0 0 0 0 0 0 0 0 0 0 0 0 114 1 4 0 0 23 0 30 0 15 0 15 7 0 28 0 0 0 33 0 0 0 98 0 0 0 0 0 20 0 0 30 0 28 0 0 0 0 0 0 0 0 0 2 0 0 0 0 72 0 0 0 0 0 0 0 0 0 0 0 0 0 0 0 0 0 2 0 0 0 0 0 0
hsa-miR-3130-3p 0 0 0 0 0 0 0 0 0 0 0 0 0 0 0 0 0 0 0 0 0 0 0 22 0 0 8 0 19 0 0 0 0 0 0 0 0 0 23 0 31 0 0 0 0 0 0 0 0 0 12 26 0 0 62 0 38 0 14 0 48 0 0 0 0 0 0 0 0 32 0 0 0 0 0 0 0 0 0 0 76 0 0 0 0 38 0 0 2 0 0 174 88 8 0 0
hsa-miR-4450 0 0 0 0 0 0 0 0 0 0 0 0 0 0 0 0 0 0 0 0 0 0 0 2 0 0 0 0 0 0 0 0 0 0 0 0 0 0 0 0 0 0 7 0 0 0 0 0 0 62 0 24 0 0 0 0 0 0 0 0 0 0 0 0 0 0 0 0 0 0 0 0 0 0 0 0 0 0 0 0 0 0 0 0 0 0 0 0 0 0 0 0 0 0 0 0
hsa-miR-4474-5p 0 0 0 0 0 0 0 0 0 0 0 0 0 0 0 0 0 0 0 0 0 0 0 2 0 0 0 0 0 0 0 0 0 0 0 0 0 0 0 0 0 0 0 0 0 0 0 0 0 0 0 36 0 0 0 0 0 0 0 0 0 0 0 0 0 0 0 0 0 0 0 0 0 0 0 0 0 0 0 0 0 0 0 0 0 0 0 0 0 0 0 0 0 0 0 0
hsa-miR-4763-5p 0 0 0 0 0 0 0 0 0 0 0 0 0 0 0 0 0 0 0 0 0 0 0 2 0 0 0 0 0 0 0 0 0 0 0 0 0 0 0 0 0 0 0 0 0 0 0 0 6 0 0 22 0 0 0 0 0 0 0 0 0 0 0 0 0 0 0 0 0 0 0 0 0 0 0 0 0 0 0 0 0 0 0 0 0 0 0 0 0 0 0 0 0 0 8 0
hsa-miR-4796-5p 0 0 0 0 0 0 0 0 0 0 0 0 0 0 0 0 0 0 0 0 0 0 0 94 0 0 0 3 0 0 0 0 0 0 0 0 0 0 1 0 5 0 0 0 4 0 2 0 0 2 0 40 0 0 0 0 0 0 0 0 0 4 0 0 0 0 0 0 8 0 0 0 0 0 0 0 0 0 0 0 0 0 0 0 0 0 0 0 0 2 0 0 24 0 0 0
hsa-miR-585-3p 0 0 0 0 0 0 0 0 0 0 0 0 0 0 0 0 0 0 0 0 0 0 0 64 0 0 0 0 0 0 0 0 0 0 0 0 0 0 0 0 0 10 0 0 0 0 14 0 0 0 0 0 0 0 0 0 0 0 0 0 0 0 0 0 0 0 0 0 0 0 0 0 0 0 0 0 0 0 0 0 0 0 0 0 0 0 0 0 0 0 0 0 0 0 0 0
hsa-miR-6780a-3p 0 0 0 0 0 0 0 0 0 0 0 0 0 0 0 0 0 0 0 0 0 0 0 50 0 0 0 0 0 0 0 15 0 0 0 0 0 0 0 0 0 0 0 0 0 0 4 0 0 0 0 2 0 0 0 0 0 0 0 0 26 0 0 0 0 0 0 0 0 0 0 0 0 0 12 0 0 2 0 0 0 0 0 0 0 0 0 0 0 0 0 0 0 0 0 0
hsa-miR-6785-5p 0 0 0 0 0 0 0 0 0 0 0 0 0 0 0 0 0 0 0 0 0 0 0 76 0 0 8 0 0 4 0 0 0 0 0 0 0 0 0 0 0 0 0 0 0 0 0 0 0 0 0 0 0 0 0 0 0 0 0 0 0 0 0 0 0 0 0 0 0 0 0 0 0 0 0 0 0 0 0 0 0 0 0 0 0 0 0 0 0 0 0 0 0 0 0 0
hsa-miR-6790-3p 0 0 0 0 0 0 0 0 0 0 0 0 0 0 0 0 0 0 0 0 0 0 0 6 0 0 0 0 0 0 0 0 0 0 0 0 0 0 0 0 0 0 0 0 0 0 0 0 0 0 0 0 0 0 0 0 0 0 0 0 0 0 0 0 0 0 0 0 0 0 0 0 0 0 0 0 0 0 0 0 0 0 0 0 0 0 16 0 0 0 0 0 0 0 0 0
hsa-miR-6827-3p 0 0 0 0 0 0 0 0 0 0 0 0 0 0 0 0 0 0 0 0 0 0 0 24 0 0 0 0 0 0 0 0 0 0 0 0 0 0 0 0 0 0 0 0 0 0 0 0 0 0 0 0 0 0 0 0 0 0 0 0 0 0 0 0 0 0 0 0 0 0 0 0 0 0 0 0 0 0 0 0 0 0 0 0 0 0 0 0 0 0 0 0 0 0 0 0
hsa-miR-6865-5p 0 0 0 0 0 0 0 0 0 0 0 0 0 0 0 0 0 0 0 0 0 0 0 24 0 0 0 0 0 0 0 0 0 0 0 0 0 0 0 0 0 0 0 0 0 0 0 0 0 0 0 0 0 0 0 0 0 0 0 0 0 0 0 0 0 0 0 0 0 0 0 0 0 0 0 0 0 0 0 0 0 0 0 0 0 0 0 0 0 0 0 0 0 0 0 0
hsa-miR-1263 0 0 0 0 0 0 0 0 0 0 0 0 0 0 0 0 0 0 0 0 0 0 0 0 23 7 0 0 14 0 0 0 9 0 0 0 15 0 0 0 0 0 0 0 0 0 0 0 0 0 0 144 0 0 0 16 0 0 0 0 2 0 0 0 0 0 0 0 0 0 0 0 0 0 0 0 0 0 0 0 0 0 0 0 0 0 154 240 0 0 0 0 34 0 0 28
hsa-miR-219a-2-3p 0 0 0 0 0 0 0 0 0 0 0 0 0 0 0 0 0 0 0 0 0 0 0 0 13 0 0 0 0 0 0 0 0 0 0 0 0 0 0 0 0 0 0 0 0 0 0 0 0 0 0 0 0 0 0 0 0 0 0 0 0 0 0 0 0 0 0 0 0 0 0 0 0 0 0 0 0 0 0 0 0 0 0 0 0 0 0 0 0 0 0 0 92 0 0 0
hsa-miR-3123 0 0 0 0 0 0 0 0 0 0 0 0 0 0 0 0 0 0 0 0 0 0 0 0 6 0 0 0 0 0 0 0 0 0 0 0 0 0 0 0 0 0 0 0 0 0 0 0 0 0 0 0 0 0 0 0 0 0 0 0 0 0 0 0 0 0 0 0 0 0 0 0 0 0 0 0 0 0 0 0 0 0 0 0 0 0 0 0 0 0 0 0 0 0 0 0
hsa-miR-3129-5p 0 0 0 0 0 0 0 0 0 0 0 0 0 0 0 0 0 0 0 0 0 0 0 0 1 0 0 0 10 0 0 0 0 0 0 0 0 0 0 0 0 0 0 0 0 0 0 42 6 0 0 0 0 0 0 0 0 0 0 0 0 0 0 0 0 0 0 0 0 0 0 0 0 0 0 0 2 0 0 0 0 0 0 0 0 0 0 0 0 30 0 0 0 0 0 0
hsa-miR-4489 0 0 0 0 0 0 0 0 0 0 0 0 0 0 0 0 0 0 0 0 0 0 0 0 11 0 0 0 0 0 0 0 0 0 0 0 0 0 0 0 0 0 0 0 0 0 0 0 0 0 0 0 6 0 0 0 0 0 0 0 0 0 0 0 0 0 0 0 0 0 0 0 0 0 0 0 0 0 0 0 0 0 0 0 0 0 0 0 0 0 0 0 0 0 0 3
hsa-miR-4536-3p 0 0 0 0 0 0 0 0 0 0 0 0 0 0 0 0 0 0 0 0 0 0 0 0 16 0 0 0 0 16 17 0 0 0 0 0 0 0 0 0 0 0 0 0 0 0 0 0 2 56 0 0 0 0 0 18 0 0 0 0 0 0 0 0 0 0 0 0 0 0 0 90 0 0 0 0 0 0 0 0 0 16 0 0 0 26 0 0 0 0 0 0 0 0 0 0
hsa-miR-4644 0 0 0 0 0 0 0 0 0 0 0 0 0 0 0 0 0 0 0 0 0 0 0 0 8 0 0 0 0 0 0 0 0 0 0 0 0 0 0 0 0 0 0 0 0 0 0 0 0 0 0 0 0 0 0 0 0 0 0 0 0 0 0 0 0 0 0 0 0 0 0 0 0 0 0 0 0 0 0 0 0 0 0 0 0 0 0 0 0 0 0 0 0 0 0 0
hsa-miR-4682 0 0 0 0 0 0 0 0 0 0 0 0 0 0 0 0 0 0 0 0 0 0 0 0 8 0 0 0 0 0 0 0 0 0 0 0 0 0 0 0 0 0 0 0 0 22 36 0 0 0 0 0 0 0 0 0 0 0 0 0 0 0 0 0 0 0 0 0 0 0 0 0 0 0 0 0 0 0 0 0 0 0 0 0 0 0 0 0 0 0 0 0 0 0 0 0
hsa-miR-4753-3p 0 0 0 0 0 0 0 0 0 0 0 0 0 0 0 0 0 0 0 0 0 0 0 0 20 0 0 0 0 0 25 0 8 0 0 0 0 14 0 0 0 0 0 0 0 0 0 0 0 0 0 0 0 0 0 0 0 0 36 0 0 0 0 0 0 0 0 0 0 0 0 0 0 0 10 0 0 0 0 0 0 0 0 0 0 0 0 0 0 0 0 0 0 0 0 0
hsa-miR-4786-5p 0 0 0 0 0 0 0 0 0 0 0 0 0 0 0 0 0 0 0 0 0 0 0 0 25 0 0 4 0 0 0 0 0 0 0 0 0 0 0 0 0 0 0 0 0 0 0 0 0 0 0 0 0 0 2 0 0 0 0 0 0 0 0 0 0 0 0 0 0 0 0 0 0 0 0 0 0 0 0 0 0 0 0 0 0 0 0 0 0 0 0 0 100 168 0 31
hsa-miR-891a-5p 0 0 0 0 0 0 0 0 0 0 0 0 0 0 0 0 0 0 0 0 0 0 0 0 8 0 0 0 1 0 0 0 0 0 0 17 1 0 0 0 0 0 0 0 0 0 0 0 0 0 0 32 0 0 0 0 0 0 0 0 34 0 0 0 0 0 0 0 0 0 0 0 0 0 0 0 0 0 2 0 0 0 0 0 0 0 0 0 0 0 0 0 0 0 0 0
hsa-miR-208b-3p 0 0 0 0 0 0 0 0 0 0 0 0 0 0 0 0 0 0 0 0 0 0 0 0 0 17 0 0 0 0 0 0 0 0 0 0 0 0 0 0 0 0 0 0 0 0 0 0 0 30 0 0 0 0 0 0 0 0 0 0 0 0 0 0 0 0 0 0 0 0 0 0 0 0 0 0 0 0 0 0 0 0 0 0 0 0 0 0 0 0 0 0 0 0 0 0
hsa-miR-3163 0 0 0 0 0 0 0 0 0 0 0 0 0 0 0 0 0 0 0 0 0 0 0 0 0 8 0 0 0 0 0 0 0 0 0 0 0 0 0 0 0 0 0 0 0 0 0 0 0 0 0 0 0 0 0 0 0 0 0 0 0 0 0 0 0 0 0 0 0 0 0 0 0 0 0 0 0 0 0 0 0 0 0 0 0 0 0 0 0 0 0 0 0 10 0 0
hsa-miR-6800-3p 0 0 0 0 0 0 0 0 0 0 0 0 0 0 0 0 0 0 0 0 0 0 0 0 0 6 0 0 0 0 0 0 1 0 0 0 0 1 0 0 0 0 0 0 0 0 0 0 0 18 0 0 0 0 0 0 0 0 0 0 6 0 0 0 0 14 0 0 0 0 0 0 0 0 0 0 0 0 0 0 0 0 0 6 0 0 0 0 0 0 24 0 76 0 0 0
hsa-miR-6858-3p 0 0 0 0 0 0 0 0 0 0 0 0 0 0 0 0 0 0 0 0 0 0 0 0 0 20 0 0 0 0 8 0 0 0 0 0 0 0 0 0 0 0 0 0 0 0 0 0 0 0 0 0 0 0 0 0 0 0 0 0 0 0 0 0 0 10 0 0 0 0 0 0 0 0 0 0 0 0 0 0 0 0 0 0 0 0 0 0 0 0 0 0 0 0 0 0
hsa-miR-138-2-3p 0 0 0 0 0 0 0 0 0 0 0 0 0 0 0 0 0 0 0 0 0 0 0 0 0 0 24 0 0 0 0 0 0 0 0 0 9 0 0 0 0 0 0 0 0 0 0 0 0 0 0 0 2 0 0 0 0 0 0 0 18 0 0 0 0 0 0 0 0 0 0 0 0 0 0 0 0 0 38 0 0 0 0 0 0 0 0 0 0 0 0 94 56 0 26 0
hsa-miR-3191-5p 0 0 0 0 0 0 0 0 0 0 0 0 0 0 0 0 0 0 0 0 0 0 0 0 0 0 11 0 0 0 0 0 0 0 0 0 19 0 0 0 0 0 0 0 0 0 0 0 0 0 0 0 10 0 0 0 0 0 0 0 0 0 0 0 0 0 0 0 0 0 0 46 0 0 0 0 0 0 0 0 0 0 0 0 0 0 0 0 0 0 0 0 0 0 0 0
hsa-miR-4311 0 0 0 0 0 0 0 0 0 0 0 0 0 0 0 0 0 0 0 0 0 0 0 0 0 0 2 0 0 0 0 0 0 0 0 0 0 0 0 0 0 0 0 0 0 0 0 0 0 0 0 0 0 0 0 0 0 0 0 0 0 0 0 0 0 0 0 0 0 0 0 0 0 0 0 0 0 0 0 30 0 0 0 0 0 0 0 0 0 0 0 0 0 0 0 0
hsa-miR-4787-5p 0 0 0 0 0 0 0 0 0 0 0 0 0 0 0 0 0 0 0 0 0 0 0 0 0 0 1 0 0 0 0 0 0 0 0 0 0 0 0 0 0 0 0 0 0 0 0 0 0 0 0 0 0 0 0 0 0 0 0 0 0 0 0 0 0 0 0 0 0 0 0 0 0 0 0 0 0 0 0 0 0 0 0 0 0 0 0 0 0 0 0 0 0 0 0 0
hsa-miR-5092 0 0 0 0 0 0 0 0 0 0 0 0 0 0 0 0 0 0 0 0 0 0 0 0 0 0 2 0 0 0 0 0 0 0 0 0 0 0 0 0 0 0 0 0 0 0 0 0 0 0 0 0 0 0 0 0 0 0 0 0 0 0 0 0 0 0 0 0 0 0 0 0 0 0 0 0 0 0 0 0 0 0 0 0 0 0 0 0 0 0 0 0 0 0 0 0
hsa-miR-6794-3p 0 0 0 0 0 0 0 0 0 0 0 0 0 0 0 0 0 0 0 0 0 0 0 0 0 0 5 0 0 0 0 0 0 0 0 0 0 0 0 0 0 0 0 0 0 0 0 0 0 0 0 0 0 0 0 0 0 0 0 0 0 0 0 0 0 0 0 0 0 0 0 0 0 0 0 0 0 0 0 0 0 0 0 0 0 0 0 0 0 0 0 0 28 0 0 31
hsa-miR-3150b-5p 0 0 0 0 0 0 0 0 0 0 0 0 0 0 0 0 0 0 0 0 0 0 0 0 0 0 0 2 0 0 0 0 0 0 0 0 0 0 0 0 0 0 0 0 0 0 0 0 0 0 0 0 0 0 0 0 0 0 0 0 0 0 0 0 0 0 0 0 0 0 0 0 0 0 0 0 0 0 0 0 0 0 0 0 0 0 0 0 0 0 0 0 0 0 0 0
hsa-miR-548as-5p 0 0 0 0 0 0 0 0 0 0 0 0 0 0 0 0 0 0 0 0 0 0 0 0 0 0 0 2 0 0 0 0 0 0 0 0 0 0 0 0 0 0 0 0 0 0 0 0 0 0 0 0 0 0 0 0 0 0 0 0 0 0 0 0 0 0 0 0 0 0 0 0 0 0 0 0 0 0 0 0 0 0 0 0 0 0 0 0 0 0 0 0 0 0 0 0
hsa-miR-5586-3p 0 0 0 0 0 0 0 0 0 0 0 0 0 0 0 0 0 0 0 0 0 0 0 0 0 0 0 2 0 0 0 0 0 0 0 0 0 0 0 0 0 0 0 0 0 0 0 0 0 0 0 0 0 0 0 0 0 0 0 0 0 0 0 0 0 0 0 0 0 0 0 0 0 0 0 0 0 0 0 0 0 0 8 0 0 0 0 0 0 0 0 0 0 0 0 0
hsa-miR-5682 0 0 0 0 0 0 0 0 0 0 0 0 0 0 0 0 0 0 0 0 0 0 0 0 0 0 0 8 0 0 0 0 0 0 0 0 0 0 0 0 0 0 0 0 0 0 0 0 0 0 0 0 0 0 0 0 0 0 0 0 0 0 0 0 0 0 0 0 0 0 0 0 0 0 0 0 0 0 0 0 0 0 0 0 0 8 0 0 0 0 0 0 0 0 0 0
hsa-miR-6729-3p 0 0 0 0 0 0 0 0 0 0 0 0 0 0 0 0 0 0 0 0 0 0 0 0 0 0 0 5 13 0 0 0 0 0 0 18 0 0 0 0 0 0 0 0 0 0 0 0 22 0 0 0 0 0 0 0 0 0 2 0 0 0 0 0 0 0 0 0 0 0 0 0 0 0 0 0 10 0 0 0 0 0 0 0 0 0 0 0 34 0 0 2 18 20 0 0
hsa-miR-6760-3p 0 0 0 0 0 0 0 0 0 0 0 0 0 0 0 0 0 0 0 0 0 0 0 0 0 0 0 8 0 0 0 0 0 0 0 0 0 0 0 0 0 0 0 0 0 0 0 0 0 0 0 0 0 0 0 0 0 0 0 0 0 0 0 0 0 0 0 0 0 2 0 0 0 0 0 0 0 0 0 0 0 0 0 0 0 0 0 0 0 0 0 0 0 0 0 0
hsa-miR-6770-5p 0 0 0 0 0 0 0 0 0 0 0 0 0 0 0 0 0 0 0 0 0 0 0 0 0 0 0 2 0 0 0 0 0 0 0 0 0 0 0 0 0 0 0 0 0 0 0 0 0 0 0 0 0 0 0 0 0 0 0 0 0 0 0 0 0 0 0 0 0 0 0 0 0 0 0 0 0 0 0 0 0 0 0 0 0 0 4 0 0 0 0 0 0 0 0 0
hsa-miR-6865-3p 0 0 0 0 0 0 0 0 0 0 0 0 0 0 0 0 0 0 0 0 0 0 0 0 0 0 0 6 0 0 0 0 0 0 0 0 0 0 0 0 0 0 0 0 0 0 0 0 0 0 0 0 0 0 0 0 0 0 0 0 26 0 0 0 0 0 0 0 0 0 0 0 0 0 0 0 0 0 0 0 0 0 0 0 0 0 0 0 0 0 0 110 0 0 0 0
hsa-miR-1224-5p 0 0 0 0 0 0 0 0 0 0 0 0 0 0 0 0 0 0 0 0 0 0 0 0 0 0 0 0 22 0 0 0 0 0 0 0 0 0 0 0 0 0 0 0 0 0 0 0 0 0 0 0 0 0 0 0 0 0 0 0 0 0 0 0 0 0 0 0 0 0 0 0 0 0 0 0 0 0 0 0 0 0 0 0 0 0 0 0 0 0 0 0 0 0 0 0
hsa-miR-1251-5p 0 0 0 0 0 0 0 0 0 0 0 0 0 0 0 0 0 0 0 0 0 0 0 0 0 0 0 0 7 0 0 0 0 0 0 0 0 1 0 0 0 0 0 0 0 20 0 0 112 0 0 52 0 0 0 0 0 0 0 0 0 0 0 0 0 0 0 0 0 0 0 0 0 0 0 0 0 0 0 0 0 0 0 0 0 0 0 0 0 0 0 0 0 0 0 0
hsa-miR-4528 0 0 0 0 0 0 0 0 0 0 0 0 0 0 0 0 0 0 0 0 0 0 0 0 0 0 0 0 10 0 18 0 0 0 0 0 0 0 0 0 0 0 0 0 0 0 0 0 0 0 0 0 0 0 0 0 0 0 0 0 0 0 0 0 0 0 0 0 0 0 0 0 0 0 0 0 0 0 0 0 0 0 0 0 0 0 0 0 0 0 0 0 12 10 2 0
hsa-miR-4666a-5p 0 0 0 0 0 0 0 0 0 0 0 0 0 0 0 0 0 0 0 0 0 0 0 0 0 0 0 0 14 0 0 0 0 0 0 0 0 0 0 0 0 0 0 0 0 0 0 0 0 0 0 0 0 0 0 0 0 0 0 0 0 0 0 0 0 0 0 0 0 0 0 0 0 0 0 0 0 0 0 0 0 0 0 0 0 0 0 0 0 0 0 0 0 0 0 0
hsa-miR-4733-5p 0 0 0 0 0 0 0 0 0 0 0 0 0 0 0 0 0 0 0 0 0 0 0 0 0 0 0 0 30 0 0 0 0 0 0 0 0 0 0 0 0 0 0 0 0 0 0 0 0 0 0 12 0 0 54 0 0 0 0 0 0 0 0 0 0 0 0 0 0 0 0 0 0 0 0 0 0 0 0 0 58 0 0 0 70 0 0 0 0 0 0 0 0 0 0 0
hsa-miR-4795-3p 0 0 0 0 0 0 0 0 0 0 0 0 0 0 0 0 0 0 0 0 0 0 0 0 0 0 0 0 10 0 0 0 0 0 0 0 0 0 7 0 0 0 0 0 0 0 42 0 0 0 0 12 0 0 0 0 0 0 70 0 0 0 0 0 0 0 0 0 0 0 0 0 0 0 0 0 0 0 0 0 16 0 0 0 0 0 0 0 0 0 0 0 88 2 0 0
hsa-miR-4802-3p 0 0 0 0 0 0 0 0 0 0 0 0 0 0 0 0 0 0 0 0 0 0 0 0 0 0 0 0 2 0 0 0 0 0 0 0 0 0 0 0 0 0 0 0 0 0 0 0 0 0 0 0 0 0 0 0 0 0 0 0 0 0 0 0 0 0 0 0 0 0 0 0 0 0 0 0 0 0 0 0 0 0 0 0 0 0 0 0 0 0 0 0 48 0 0 0
hsa-miR-6506-3p 0 0 0 0 0 0 0 0 0 0 0 0 0 0 0 0 0 0 0 0 0 0 0 0 0 0 0 0 2 0 0 0 0 0 0 0 0 0 0 0 0 0 0 0 0 0 0 0 0 0 0 0 0 0 0 0 4 0 0 0 0 0 0 0 0 0 0 0 0 0 0 0 0 0 0 0 0 0 0 0 0 0 2 0 0 0 0 0 0 0 0 0 0 0 0 0
hsa-miR-676-5p 0 0 0 0 0 0 0 0 0 0 0 0 0 0 0 0 0 0 0 0 0 0 0 0 0 0 0 0 23 0 0 0 0 0 0 0 0 0 0 0 0 0 0 0 0 0 0 0 0 0 0 0 0 0 0 0 0 0 0 0 0 0 0 0 0 0 0 0 0 0 0 0 0 0 0 0 0 44 0 0 0 0 0 0 0 0 0 0 0 0 0 0 0 0 0 0
hsa-miR-6781-5p 0 0 0 0 0 0 0 0 0 0 0 0 0 0 0 0 0 0 0 0 0 0 0 0 0 0 0 0 4 0 0 0 0 0 0 0 0 0 0 0 0 0 0 0 0 0 0 0 0 0 0 0 0 0 0 0 0 0 0 0 0 0 0 0 0 0 0 0 0 0 0 0 0 0 0 0 0 0 0 0 0 0 0 0 0 0 0 0 0 0 0 0 0 0 0 0
hsa-miR-6800-5p 0 0 0 0 0 0 0 0 0 0 0 0 0 0 0 0 0 0 0 0 0 0 0 0 0 0 0 0 1 0 0 0 0 0 0 0 0 0 0 0 0 0 0 0 0 0 0 0 0 0 0 0 0 0 0 0 0 0 0 0 0 0 0 0 0 0 0 0 0 0 0 0 0 0 0 0 0 0 0 0 0 0 0 0 0 0 0 0 0 0 0 0 0 0 0 0
hsa-miR-6804-5p 0 0 0 0 0 0 0 0 0 0 0 0 0 0 0 0 0 0 0 0 0 0 0 0 0 0 0 0 12 0 0 0 0 0 0 0 0 0 0 0 0 0 0 0 0 0 0 0 0 0 0 10 0 0 0 0 0 0 0 0 0 0 0 0 0 0 0 0 0 0 0 0 0 0 0 0 0 0 0 0 0 0 0 0 0 0 0 0 0 0 0 0 0 0 0 0
hsa-miR-6869-3p 0 0 0 0 0 0 0 0 0 0 0 0 0 0 0 0 0 0 0 0 0 0 0 0 0 0 0 0 1 0 0 0 0 0 0 0 0 0 0 0 0 0 0 0 0 0 0 0 0 0 0 0 0 0 0 0 0 0 0 0 0 0 0 0 0 0 0 0 0 0 0 0 0 0 0 0 12 0 0 0 0 0 0 0 0 0 0 0 0 0 0 0 0 0 0 0
hsa-miR-935 0 0 0 0 0 0 0 0 0 0 0 0 0 0 0 0 0 0 0 0 0 0 0 0 0 0 0 0 16 20 0 0 0 0 0 0 0 0 7 0 0 0 0 0 0 0 0 0 0 0 0 0 0 0 0 0 0 0 0 0 0 0 0 0 0 0 0 0 0 0 0 0 0 0 0 0 0 0 0 0 0 0 0 0 0 0 0 0 0 0 0 0 66 0 0 0
hsa-miR-1281 0 0 0 0 0 0 0 0 0 0 0 0 0 0 0 0 0 0 0 0 0 0 0 0 0 0 0 0 0 1 0 0 0 0 0 0 0 0 6 0 0 0 0 0 0 0 0 0 0 0 0 0 26 0 0 0 0 0 0 28 0 0 0 0 0 0 0 0 0 0 0 0 0 0 0 0 0 0 0 0 0 0 0 0 0 0 10 0 0 0 0 0 0 0 0 0
hsa-miR-3198 0 0 0 0 0 0 0 0 0 0 0 0 0 0 0 0 0 0 0 0 0 0 0 0 0 0 0 0 0 3 0 0 0 0 0 0 0 0 0 0 0 0 0 0 0 0 0 0 0 0 0 0 0 0 0 0 0 0 0 0 0 0 0 0 16 0 0 0 0 0 0 0 0 0 0 0 0 0 0 0 0 0 0 0 0 0 38 0 0 0 0 0 166 0 0 0
hsa-miR-328-5p 0 0 0 0 0 0 0 0 0 0 0 0 0 0 0 0 0 0 0 0 0 0 0 0 0 0 0 0 0 3 0 0 0 0 0 0 0 0 0 0 0 0 0 0 0 0 0 0 0 0 0 0 0 0 0 0 0 0 0 0 0 0 0 0 0 0 0 0 0 0 0 0 0 0 0 0 0 0 0 0 0 0 0 0 48 0 24 0 0 0 0 0 0 0 0 0
hsa-miR-3622a-5p 0 0 0 0 0 0 0 0 0 0 0 0 0 0 0 0 0 0 0 0 0 0 0 0 0 0 0 0 0 5 0 0 0 0 0 0 0 0 0 0 0 0 0 0 0 0 0 0 0 0 0 0 0 0 0 0 0 0 32 0 0 0 0 0 0 0 0 0 0 0 0 0 0 0 0 0 0 0 0 0 0 0 0 0 0 0 0 0 0 0 0 0 0 0 0 0
hsa-miR-4646-5p 0 0 0 0 0 0 0 0 0 0 0 0 0 0 0 0 0 0 0 0 0 0 0 0 0 0 0 0 0 18 0 0 0 0 0 8 0 0 0 0 0 0 0 0 0 0 0 0 0 0 0 0 4 0 0 0 0 0 0 0 0 0 0 0 0 0 0 0 0 0 0 0 0 0 0 0 0 0 0 0 0 0 0 0 0 0 0 0 0 0 0 0 0 0 0 0
hsa-miR-4762-5p 0 0 0 0 0 0 0 0 0 0 0 0 0 0 0 0 0 0 0 0 0 0 0 0 0 0 0 0 0 10 0 0 0 0 0 0 0 0 0 0 0 0 0 0 0 0 0 0 0 0 0 8 0 0 0 0 0 0 36 0 0 0 0 0 0 0 0 0 0 0 0 0 0 0 0 0 0 0 0 0 0 0 0 0 0 0 8 0 0 0 0 0 134 0 0 1
hsa-miR-6512-5p 0 0 0 0 0 0 0 0 0 0 0 0 0 0 0 0 0 0 0 0 0 0 0 0 0 0 0 0 0 4 0 0 0 0 0 0 0 0 0 0 0 0 0 0 0 0 0 0 0 0 0 0 0 0 0 0 0 0 0 0 0 0 0 0 0 0 0 0 0 0 0 0 0 0 0 0 0 0 0 0 0 0 0 0 0 0 0 0 0 0 0 0 0 0 0 0
hsa-miR-6849-5p 0 0 0 0 0 0 0 0 0 0 0 0 0 0 0 0 0 0 0 0 0 0 0 0 0 0 0 0 0 9 0 0 0 0 0 0 0 0 0 0 0 0 0 0 0 0 0 0 0 0 0 0 0 0 0 0 0 0 0 0 0 0 0 0 0 0 0 0 0 0 0 66 0 0 0 0 0 0 0 0 0 0 0 0 0 2 0 0 0 0 0 0 0 0 0 0
hsa-miR-7848-3p 0 0 0 0 0 0 0 0 0 0 0 0 0 0 0 0 0 0 0 0 0 0 0 0 0 0 0 0 0 3 0 0 0 0 0 0 0 0 0 0 0 0 0 0 0 0 0 0 0 0 0 0 0 0 0 0 0 0 0 0 0 0 0 0 0 0 0 0 0 0 0 0 0 0 0 0 0 0 0 0 0 42 0 0 0 0 0 0 0 0 6 0 0 0 0 16
hsa-miR-1197 0 0 0 0 0 0 0 0 0 0 0 0 0 0 0 0 0 0 0 0 0 0 0 0 0 0 0 0 0 0 27 0 0 0 0 0 0 0 0 0 0 0 0 0 0 0 0 0 0 0 42 0 0 0 0 0 0 0 0 0 0 0 0 0 0 0 0 0 0 0 0 0 0 0 114 0 0 0 0 2 0 0 18 0 0 0 0 0 0 0 0 0 0 0 0 0
hsa-miR-206 0 0 0 0 0 0 0 0 0 0 0 0 0 0 0 0 0 0 0 0 0 0 0 0 0 0 0 0 0 0 8 0 0 0 0 0 0 0 0 0 0 0 0 0 0 0 0 0 0 0 0 0 0 0 0 0 0 0 0 0 0 0 0 0 0 0 0 0 0 0 0 0 0 0 0 0 0 0 0 0 0 0 0 0 0 0 0 0 0 0 0 0 0 0 0 0
hsa-miR-3138 0 0 0 0 0 0 0 0 0 0 0 0 0 0 0 0 0 0 0 0 0 0 0 0 0 0 0 0 0 0 7 0 0 0 0 0 0 0 0 0 0 0 0 0 0 0 0 46 0 0 0 22 24 0 0 0 0 0 0 0 0 0 0 0 0 0 0 0 0 0 0 0 0 0 0 0 0 0 0 0 0 0 0 0 0 0 0 36 0 0 0 0 70 0 0 0
hsa-miR-3591-3p 0 0 0 0 0 0 0 0 0 0 0 0 0 0 0 0 0 0 0 0 0 0 0 0 0 0 0 0 0 0 48 0 0 0 0 0 0 0 0 0 0 0 0 0 0 0 0 0 0 0 0 0 0 0 0 0 0 0 0 0 0 0 0 0 0 0 0 0 0 0 0 0 0 0 0 0 0 0 0 0 0 0 0 0 0 0 0 0 0 0 0 0 0 0 0 0
hsa-miR-3591-5p 0 0 0 0 0 0 0 0 0 0 0 0 0 0 0 0 0 0 0 0 0 0 0 0 0 0 0 0 0 0 420 0 0 0 0 0 0 0 0 0 0 0 0 0 0 0 0 0 0 0 0 0 0 0 0 0 0 0 0 0 0 0 0 0 0 0 0 0 0 0 0 0 0 0 0 2 0 0 0 0 0 0 2 0 0 2 0 0 0 0 0 0 0 0 0 0
hsa-miR-3619-5p 0 0 0 0 0 0 0 0 0 0 0 0 0 0 0 0 0 0 0 0 0 0 0 0 0 0 0 0 0 0 21 0 0 0 0 0 0 0 0 0 0 0 0 0 0 0 0 0 0 0 0 0 0 0 0 0 0 0 0 0 0 0 0 0 0 0 0 0 0 0 0 0 0 0 0 0 0 0 0 0 0 0 0 0 0 0 0 0 0 0 0 0 0 0 0 0
hsa-miR-374c-3p 0 0 0 0 0 0 0 0 0 0 0 0 0 0 0 0 0 0 0 0 0 0 0 0 0 0 0 0 0 0 6 0 0 0 0 0 0 0 0 0 0 0 0 0 0 0 0 0 0 0 0 0 0 0 0 0 0 0 0 0 0 0 0 0 0 0 0 0 0 0 0 0 0 0 0 0 0 0 0 0 0 0 0 0 0 0 0 0 0 0 0 0 0 0 0 0
hsa-miR-4425 0 0 0 0 0 0 0 0 0 0 0 0 0 0 0 0 0 0 0 0 0 0 0 0 0 0 0 0 0 0 17 0 0 0 0 0 0 0 0 0 1 0 0 0 0 0 0 0 0 0 0 10 0 0 0 0 0 0 0 0 0 0 0 0 0 2 0 0 0 0 0 0 0 0 0 0 0 0 0 0 0 0 0 0 0 0 2 0 0 0 128 52 390 42 86 82
hsa-miR-4660 0 0 0 0 0 0 0 0 0 0 0 0 0 0 0 0 0 0 0 0 0 0 0 0 0 0 0 0 0 0 8 0 0 0 0 0 0 0 0 0 0 0 0 0 0 0 0 0 0 0 0 0 0 0 0 0 0 0 62 0 28 0 0 0 0 0 0 0 0 0 0 0 0 0 0 0 0 0 0 0 0 0 0 0 0 0 0 0 0 0 0 0 0 0 0 0
hsa-miR-4736 0 0 0 0 0 0 0 0 0 0 0 0 0 0 0 0 0 0 0 0 0 0 0 0 0 0 0 0 0 0 13 0 0 0 0 0 0 0 0 0 0 0 0 0 0 0 0 0 0 0 0 0 0 0 0 0 0 0 0 0 0 0 0 0 0 0 0 0 0 0 0 0 0 0 0 0 0 0 0 0 0 0 0 0 0 0 0 0 0 0 0 0 0 0 0 0
hsa-miR-4739 0 0 0 0 0 0 0 0 0 0 0 0 0 0 0 0 0 0 0 0 0 0 0 0 0 0 0 0 0 0 34 0 0 0 0 0 0 0 0 0 0 0 0 0 0 0 0 2 0 0 0 0 0 0 0 0 0 0 2 0 0 0 0 0 0 0 0 0 0 0 0 0 0 0 0 0 0 0 0 0 0 0 0 0 0 0 0 0 0 16 126 0 116 26 54 159
hsa-miR-4757-5p 0 0 0 0 0 0 0 0 0 0 0 0 0 0 0 0 0 0 0 0 0 0 0 0 0 0 0 0 0 0 11 0 0 0 0 0 0 0 0 0 0 0 0 0 0 0 0 0 0 0 0 18 0 0 0 0 0 0 0 0 0 0 0 0 0 0 0 0 0 0 0 0 0 0 0 0 0 0 0 0 0 0 0 0 0 0 0 0 0 0 0 0 0 0 0 0
hsa-miR-4777-3p 0 0 0 0 0 0 0 0 0 0 0 0 0 0 0 0 0 0 0 0 0 0 0 0 0 0 0 0 0 0 24 0 0 0 0 0 0 11 0 0 0 0 0 0 0 0 0 0 0 0 0 0 0 0 0 0 0 0 0 0 0 0 0 0 0 0 0 0 0 0 0 0 0 0 2 0 0 0 0 0 0 0 0 0 0 0 0 0 0 0 0 0 0 0 0 0
hsa-miR-4803 0 0 0 0 0 0 0 0 0 0 0 0 0 0 0 0 0 0 0 0 0 0 0 0 0 0 0 0 0 0 4 0 0 0 0 0 0 0 0 0 0 0 0 0 0 0 0 0 0 0 0 0 0 0 0 0 0 0 0 0 0 0 0 0 0 0 0 0 0 0 0 0 0 0 0 0 0 0 0 0 0 0 0 0 0 0 0 0 0 0 0 0 0 0 0 0
hsa-miR-499a-3p 0 0 0 0 0 0 0 0 0 0 0 0 0 0 0 0 0 0 0 0 0 0 0 0 0 0 0 0 0 0 32 0 0 0 0 0 18 0 0 35 0 0 0 0 0 34 0 0 0 0 0 0 0 0 0 0 0 0 0 0 0 0 0 0 0 0 0 24 8 0 0 0 0 0 0 0 0 0 0 0 0 0 0 44 2 0 0 0 0 0 0 0 0 0 0 0
hsa-miR-548ap-5p 0 0 0 0 0 0 0 0 0 0 0 0 0 0 0 0 0 0 0 0 0 0 0 0 0 0 0 0 0 0 6 0 0 0 0 0 0 0 0 0 0 0 0 0 0 10 0 0 0 0 0 0 0 0 0 0 2 0 0 0 0 0 0 0 0 0 0 0 0 0 0 0 0 0 0 0 0 0 0 0 0 0 0 0 0 0 0 0 0 0 0 0 0 0 0 0
hsa-miR-548h-5p 0 0 0 0 0 0 0 0 0 0 0 0 0 0 0 0 0 0 0 0 0 0 0 0 0 0 0 0 0 0 128 0 1 0 0 0 0 0 0 0 0 0 0 0 0 0 0 0 0 0 0 0 0 0 0 0 0 0 0 0 0 0 0 0 0 0 0 0 0 0 0 0 0 0 0 0 2 0 0 0 0 0 0 0 0 0 0 0 0 0 0 0 0 0 0 0
hsa-miR-5680 0 0 0 0 0 0 0 0 0 0 0 0 0 0 0 0 0 0 0 0 0 0 0 0 0 0 0 0 0 0 11 0 0 0 0 0 0 0 0 0 0 0 0 0 24 0 2 0 0 34 0 0 0 0 0 0 0 0 0 0 0 0 0 0 0 0 0 0 0 0 0 0 0 0 0 0 0 0 0 0 0 0 0 0 0 0 0 0 0 0 0 0 0 0 0 0
hsa-miR-5699-5p 0 0 0 0 0 0 0 0 0 0 0 0 0 0 0 0 0 0 0 0 0 0 0 0 0 0 0 0 0 0 3 0 0 0 0 0 0 0 0 0 0 0 0 0 0 0 0 0 0 0 0 10 0 0 0 0 0 0 0 0 0 0 0 0 0 0 0 0 0 0 0 0 0 0 0 0 0 0 0 0 0 0 0 0 0 0 0 0 0 0 0 0 0 0 0 0
hsa-miR-586 0 0 0 0 0 0 0 0 0 0 0 0 0 0 0 0 0 0 0 0 0 0 0 0 0 0 0 0 0 0 26 0 0 0 0 0 0 0 0 0 0 0 0 0 0 0 0 0 0 0 0 0 0 0 0 0 0 0 0 0 0 0 0 0 0 0 0 0 0 0 0 0 0 0 0 0 0 0 0 0 0 0 0 0 0 0 0 0 0 0 0 0 0 16 0 0
hsa-miR-6758-5p 0 0 0 0 0 0 0 0 0 0 0 0 0 0 0 0 0 0 0 0 0 0 0 0 0 0 0 0 0 0 13 0 0 0 0 0 0 0 0 0 0 0 0 0 0 0 0 0 2 48 0 0 0 0 0 0 0 0 0 0 0 0 0 0 0 0 0 0 0 0 0 0 0 0 0 0 0 0 0 0 0 0 0 0 0 0 0 0 0 0 0 0 0 10 0 0
hsa-miR-6836-5p 0 0 0 0 0 0 0 0 0 0 0 0 0 0 0 0 0 0 0 0 0 0 0 0 0 0 0 0 0 0 12 0 0 0 0 0 0 0 0 0 0 0 0 0 0 0 0 0 0 0 0 0 0 0 0 0 0 0 0 0 0 0 0 0 0 0 0 0 0 0 0 0 0 0 0 0 0 0 0 0 0 0 0 0 0 0 0 0 0 0 0 0 0 0 0 0
hsa-miR-6845-5p 0 0 0 0 0 0 0 0 0 0 0 0 0 0 0 0 0 0 0 0 0 0 0 0 0 0 0 0 0 0 14 0 0 0 0 0 0 0 0 0 0 0 0 0 0 0 0 0 0 0 0 0 0 0 0 0 0 0 0 0 0 0 0 0 0 0 0 0 0 0 0 0 0 0 0 0 0 0 0 0 0 0 0 0 0 0 0 0 0 0 0 0 0 0 0 0
hsa-miR-6850-3p 0 0 0 0 0 0 0 0 0 0 0 0 0 0 0 0 0 0 0 0 0 0 0 0 0 0 0 0 0 0 39 0 0 0 0 0 0 0 0 0 0 0 0 0 0 0 0 0 0 0 0 0 0 0 0 0 0 0 0 0 0 0 0 0 0 0 0 0 0 0 0 0 0 0 0 0 0 0 0 0 0 0 0 0 0 0 14 0 0 0 0 0 0 0 0 0
hsa-miR-6837-5p 0 0 0 0 0 0 0 0 0 0 0 0 0 0 0 0 0 0 0 0 0 0 0 0 0 0 0 0 0 0 0 12 0 0 0 2 0 0 30 0 0 13 0 0 0 0 0 70 0 0 0 0 0 0 0 0 4 0 0 0 0 0 0 0 0 0 0 0 0 0 0 0 0 0 0 0 0 0 0 0 0 0 0 0 0 0 22 0 0 0 0 0 0 0 0 0
hsa-miR-7843-5p 0 0 0 0 0 0 0 0 0 0 0 0 0 0 0 0 0 0 0 0 0 0 0 0 0 0 0 0 0 0 0 1 0 0 0 0 0 0 0 0 0 0 0 0 0 0 0 0 0 0 0 0 0 0 0 0 0 0 0 0 0 0 0 0 0 0 0 0 0 0 0 0 0 38 0 0 0 0 0 0 0 0 0 0 0 0 0 0 0 0 0 0 0 0 0 0
hsa-miR-4301 0 0 0 0 0 0 0 0 0 0 0 0 0 0 0 0 0 0 0 0 0 0 0 0 0 0 0 0 0 0 0 0 1 0 0 0 0 0 0 0 0 0 0 0 0 0 0 0 0 0 0 0 0 0 0 0 0 0 0 0 0 0 0 0 0 0 0 0 0 0 0 0 0 0 0 0 0 0 0 0 0 0 0 0 0 0 0 0 0 0 0 0 0 0 0 0
hsa-miR-4420 0 0 0 0 0 0 0 0 0 0 0 0 0 0 0 0 0 0 0 0 0 0 0 0 0 0 0 0 0 0 0 0 1 0 0 0 0 0 0 0 0 0 0 0 0 0 0 0 0 0 0 42 0 0 0 0 0 0 0 0 16 0 0 0 0 0 0 0 0 0 0 0 0 64 44 26 0 0 0 0 0 0 0 0 0 0 0 0 0 0 0 0 0 0 0 0
hsa-miR-4648 0 0 0 0 0 0 0 0 0 0 0 0 0 0 0 0 0 0 0 0 0 0 0 0 0 0 0 0 0 0 0 0 22 0 0 16 0 0 0 0 0 0 0 0 0 0 0 0 0 0 0 0 0 0 0 0 6 0 0 0 0 0 0 0 0 0 0 0 0 0 0 0 0 0 0 0 0 0 0 0 0 0 0 0 0 0 0 0 0 0 0 0 0 0 0 0
hsa-miR-6073 0 0 0 0 0 0 0 0 0 0 0 0 0 0 0 0 0 0 0 0 0 0 0 0 0 0 0 0 0 0 0 0 1 0 0 0 0 0 0 0 0 0 0 0 0 0 0 0 0 0 0 0 0 0 0 0 0 0 0 0 0 0 0 0 0 0 0 0 0 0 0 0 0 0 0 0 0 0 0 0 0 0 0 0 0 0 0 0 0 0 0 0 0 0 0 0
hsa-miR-6862-5p 0 0 0 0 0 0 0 0 0 0 0 0 0 0 0 0 0 0 0 0 0 0 0 0 0 0 0 0 0 0 0 0 5 0 0 0 0 0 0 0 0 0 0 0 0 0 0 0 24 0 0 0 0 0 0 0 0 0 0 0 0 0 0 0 0 0 0 0 0 0 0 0 0 0 0 0 0 0 0 0 0 0 0 0 0 0 0 0 0 0 0 0 0 0 0 0
hsa-miR-6792-3p 0 0 0 0 0 0 0 0 0 0 0 0 0 0 0 0 0 0 0 0 0 0 0 0 0 0 0 0 0 0 0 0 0 12 0 0 0 0 0 0 0 0 0 0 0 0 0 0 0 0 0 0 0 0 0 0 0 0 0 0 0 0 0 0 0 0 0 0 0 0 0 0 0 0 0 0 0 0 0 0 0 0 0 0 0 0 0 0 0 0 0 0 0 0 0 0
hsa-miR-887-5p 0 0 0 0 0 0 0 0 0 0 0 0 0 0 0 0 0 0 0 0 0 0 0 0 0 0 0 0 0 0 0 0 0 14 0 0 0 0 0 0 0 0 0 0 0 0 0 0 14 0 0 4 0 0 0 0 0 0 0 0 0 0 0 0 0 2 0 0 0 0 0 0 0 0 0 0 0 36 0 0 0 0 0 0 0 0 0 0 0 0 0 0 2 0 42 29
hsa-miR-1537-5p 0 0 0 0 0 0 0 0 0 0 0 0 0 0 0 0 0 0 0 0 0 0 0 0 0 0 0 0 0 0 0 0 0 0 4 0 0 0 0 0 0 0 0 0 0 0 0 0 0 0 0 0 0 0 0 0 0 0 0 0 0 0 0 0 0 0 0 0 0 0 0 0 0 0 0 0 0 0 0 0 0 36 0 0 0 0 0 0 0 0 0 0 0 0 0 0
hsa-miR-3174 0 0 0 0 0 0 0 0 0 0 0 0 0 0 0 0 0 0 0 0 0 0 0 0 0 0 0 0 0 0 0 0 0 0 3 0 2 0 0 0 0 0 0 0 0 0 0 0 0 0 0 16 0 0 0 0 0 0 4 0 88 0 0 8 0 0 0 0 30 36 0 0 0 0 6 0 0 0 18 2 0 0 0 0 2 0 0 0 0 0 172 66 180 94 42 36
hsa-miR-656-5p 0 0 0 0 0 0 0 0 0 0 0 0 0 0 0 0 0 0 0 0 0 0 0 0 0 0 0 0 0 0 0 0 0 0 10 0 0 0 0 0 0 0 0 0 0 0 0 0 0 0 0 0 0 0 0 0 0 0 0 0 0 0 0 0 0 0 0 0 0 0 0 0 0 0 28 0 0 0 0 0 0 0 0 0 0 0 0 0 0 0 0 0 0 0 0 0
hsa-miR-675-3p 0 0 0 0 0 0 0 0 0 0 0 0 0 0 0 0 0 0 0 0 0 0 0 0 0 0 0 0 0 0 0 0 0 0 4 0 0 0 0 0 0 0 0 0 0 0 0 0 0 0 0 0 0 0 0 0 12 0 0 0 0 0 0 0 0 0 0 0 0 0 0 0 0 0 0 0 0 0 0 0 0 0 0 0 0 0 0 0 0 0 0 0 0 0 0 0
hsa-miR-6833-3p 0 0 0 0 0 0 0 0 0 0 0 0 0 0 0 0 0 0 0 0 0 0 0 0 0 0 0 0 0 0 0 0 0 0 21 0 0 0 0 0 26 0 0 0 0 2 4 0 0 0 0 0 0 2 0 0 0 0 50 0 0 0 0 0 0 0 0 0 0 0 0 0 0 0 0 0 0 0 0 0 0 6 0 0 0 0 0 0 0 0 68 0 0 10 0 0
hsa-miR-6834-3p 0 0 0 0 0 0 0 0 0 0 0 0 0 0 0 0 0 0 0 0 0 0 0 0 0 0 0 0 0 0 0 0 0 0 11 0 0 0 0 0 0 0 0 0 0 0 0 0 0 0 0 0 0 0 0 0 0 0 0 0 0 0 0 0 0 36 0 0 0 0 0 0 0 0 0 0 0 0 0 0 0 0 0 0 0 0 0 0 0 0 0 0 0 0 0 0
hsa-miR-7846-3p 0 0 0 0 0 0 0 0 0 0 0 0 0 0 0 0 0 0 0 0 0 0 0 0 0 0 0 0 0 0 0 0 0 0 18 0 0 0 0 0 0 0 0 0 0 0 0 0 2 0 0 0 0 0 0 0 0 0 0 0 50 0 0 0 0 0 0 0 0 0 0 0 0 0 0 0 0 0 0 0 0 0 0 0 0 0 0 0 0 0 0 0 0 0 29 0
hsa-miR-1298-5p 0 0 0 0 0 0 0 0 0 0 0 0 0 0 0 0 0 0 0 0 0 0 0 0 0 0 0 0 0 0 0 0 0 0 0 2 0 0 0 0 0 0 0 0 0 0 0 0 0 8 0 0 0 0 0 0 0 0 0 0 0 0 0 0 0 0 0 0 0 0 0 0 0 0 14 0 0 0 0 0 0 0 0 0 0 0 0 0 0 0 0 0 0 0 0 0
hsa-miR-1912 0 0 0 0 0 0 0 0 0 0 0 0 0 0 0 0 0 0 0 0 0 0 0 0 0 0 0 0 0 0 0 0 0 0 0 5 0 0 0 0 0 0 0 0 0 0 0 0 0 0 0 0 0 0 0 0 0 0 0 0 34 0 0 0 0 0 0 0 0 0 0 0 0 0 0 0 0 0 0 0 0 0 0 0 0 0 0 0 0 0 0 0 0 0 0 0
hsa-miR-3162-5p 0 0 0 0 0 0 0 0 0 0 0 0 0 0 0 0 0 0 0 0 0 0 0 0 0 0 0 0 0 0 0 0 0 0 0 1 0 0 0 0 0 0 0 0 0 0 0 0 0 34 0 0 0 0 0 0 0 0 0 0 0 0 0 0 0 0 0 0 0 0 0 0 0 0 0 0 0 0 0 0 0 0 0 0 0 0 0 0 0 0 0 0 0 0 0 13
hsa-miR-372-3p 0 0 0 0 0 0 0 0 0 0 0 0 0 0 0 0 0 0 0 0 0 0 0 0 0 0 0 0 0 0 0 0 0 0 0 9 0 0 0 0 0 0 0 0 0 0 0 0 0 0 0 0 0 0 0 0 0 0 0 0 0 0 0 0 0 0 0 0 0 0 0 0 0 0 0 0 0 0 0 0 0 0 0 0 0 0 0 0 0 0 0 0 6 0 0 0
hsa-miR-3919 0 0 0 0 0 0 0 0 0 0 0 0 0 0 0 0 0 0 0 0 0 0 0 0 0 0 0 0 0 0 0 0 0 0 0 1 0 0 0 0 0 0 4 0 0 0 0 0 0 0 92 6 0 0 0 0 0 0 0 0 0 0 0 0 0 0 0 0 0 0 0 0 0 0 0 0 0 0 0 0 0 0 0 0 0 0 0 0 0 0 0 0 0 0 0 0
hsa-miR-4676-3p 0 0 0 0 0 0 0 0 0 0 0 0 0 0 0 0 0 0 0 0 0 0 0 0 0 0 0 0 0 0 0 0 0 0 0 2 0 0 0 0 0 0 0 8 0 0 0 0 0 0 0 0 12 0 42 22 0 0 0 0 0 0 0 0 0 0 0 0 0 0 0 0 0 0 0 0 0 0 0 0 0 0 0 0 0 0 26 0 0 0 0 58 36 0 31 0
hsa-miR-4685-5p 0 0 0 0 0 0 0 0 0 0 0 0 0 0 0 0 0 0 0 0 0 0 0 0 0 0 0 0 0 0 0 0 0 0 0 5 0 0 0 0 0 0 0 0 0 0 0 0 0 0 0 6 0 0 0 0 0 0 0 0 0 0 0 0 0 0 0 0 0 0 0 0 0 0 0 0 0 0 0 0 0 0 0 0 0 0 0 0 0 0 0 0 0 0 0 0
hsa-miR-6766-5p 0 0 0 0 0 0 0 0 0 0 0 0 0 0 0 0 0 0 0 0 0 0 0 0 0 0 0 0 0 0 0 0 0 0 0 11 0 0 0 0 0 0 0 0 0 0 0 0 0 0 0 0 0 0 0 0 0 0 0 0 0 0 0 0 0 0 0 0 0 0 0 0 0 0 0 0 0 0 0 0 0 0 0 0 0 0 0 0 0 0 0 0 0 0 0 20
hsa-miR-6864-5p 0 0 0 0 0 0 0 0 0 0 0 0 0 0 0 0 0 0 0 0 0 0 0 0 0 0 0 0 0 0 0 0 0 0 0 4 0 0 0 0 0 0 0 0 0 0 0 0 0 0 0 0 0 0 0 0 0 0 0 0 0 0 0 0 0 0 0 0 0 0 0 0 0 0 0 0 0 0 0 0 0 0 0 0 0 0 0 0 0 0 0 0 0 0 0 0
hsa-miR-7703 0 0 0 0 0 0 0 0 0 0 0 0 0 0 0 0 0 0 0 0 0 0 0 0 0 0 0 0 0 0 0 0 0 0 0 5 0 0 0 0 0 0 0 0 0 0 0 0 0 0 0 0 0 0 0 0 0 0 0 0 0 0 0 0 0 0 0 0 0 0 0 0 0 0 0 44 0 0 0 0 0 0 0 0 0 0 34 0 0 0 40 0 16 0 0 0
hsa-miR-1245a 0 0 0 0 0 0 0 0 0 0 0 0 0 0 0 0 0 0 0 0 0 0 0 0 0 0 0 0 0 0 0 0 0 0 0 0 1 0 0 0 0 0 0 0 0 0 0 0 0 0 0 0 0 0 0 0 0 0 0 0 0 0 0 0 0 0 0 0 0 0 0 0 0 0 0 0 0 0 0 0 0 0 0 0 0 0 0 0 0 0 0 0 0 0 0 0
hsa-miR-337-5p 0 0 0 0 0 0 0 0 0 0 0 0 0 0 0 0 0 0 0 0 0 0 0 0 0 0 0 0 0 0 0 0 0 0 0 0 34 27 0 0 0 0 0 0 18 0 0 0 0 0 0 10 0 0 0 0 0 0 0 0 28 0 0 0 0 0 0 0 0 0 0 0 0 0 0 0 0 0 0 0 0 14 0 0 0 0 0 0 0 0 0 0 0 0 0 0
hsa-miR-3675-5p 0 0 0 0 0 0 0 0 0 0 0 0 0 0 0 0 0 0 0 0 0 0 0 0 0 0 0 0 0 0 0 0 0 0 0 0 2 0 0 0 0 0 0 4 0 0 0 0 0 0 0 0 0 0 0 0 0 0 0 0 0 0 0 0 0 0 0 0 0 0 0 0 0 0 0 0 0 0 0 0 0 0 0 0 0 0 0 0 0 0 0 0 18 24 0 0
hsa-miR-3924 0 0 0 0 0 0 0 0 0 0 0 0 0 0 0 0 0 0 0 0 0 0 0 0 0 0 0 0 0 0 0 0 0 0 0 0 7 0 0 0 0 0 0 0 0 0 0 0 0 0 0 0 0 0 0 0 0 0 0 0 0 76 0 0 0 0 0 0 0 0 0 0 0 0 0 0 0 0 0 0 0 0 0 0 0 0 0 0 0 0 0 0 0 0 0 0
hsa-miR-4668-5p 0 0 0 0 0 0 0 0 0 0 0 0 0 0 0 0 0 0 0 0 0 0 0 0 0 0 0 0 0 0 0 0 0 0 0 0 3 20 0 0 0 0 0 0 0 0 0 0 0 0 0 0 0 0 0 0 0 0 0 0 0 0 0 0 0 0 0 0 0 0 0 36 0 24 0 0 0 0 0 0 0 12 0 0 0 0 0 0 0 0 0 0 0 0 0 0
hsa-miR-488-5p 0 0 0 0 0 0 0 0 0 0 0 0 0 0 0 0 0 0 0 0 0 0 0 0 0 0 0 0 0 0 0 0 0 0 0 0 14 0 0 0 0 0 0 0 0 0 0 0 0 0 0 0 0 0 0 0 0 0 0 0 0 0 0 0 0 0 0 0 0 0 0 0 0 0 0 0 0 0 0 0 0 0 0 0 0 0 0 0 0 0 0 0 0 0 0 19
hsa-miR-5196-3p 0 0 0 0 0 0 0 0 0 0 0 0 0 0 0 0 0 0 0 0 0 0 0 0 0 0 0 0 0 0 0 0 0 0 0 0 12 0 0 0 0 0 0 0 0 0 0 0 0 0 0 0 0 0 0 0 0 0 0 0 0 0 0 0 0 0 0 0 18 0 0 0 0 0 0 0 0 0 0 0 0 0 0 0 0 0 0 0 0 0 0 0 0 0 0 0
hsa-miR-548d-3p 0 0 0 0 0 0 0 0 0 0 0 0 0 0 0 0 0 0 0 0 0 0 0 0 0 0 0 0 0 0 0 0 0 0 0 0 15 0 0 0 0 0 0 0 0 0 0 0 0 0 0 0 0 0 0 0 0 20 0 0 0 0 0 0 18 0 0 0 0 0 0 0 0 0 0 0 0 0 0 0 0 0 0 0 0 0 0 0 0 0 0 0 82 18 0 0
hsa-miR-1231 0 0 0 0 0 0 0 0 0 0 0 0 0 0 0 0 0 0 0 0 0 0 0 0 0 0 0 0 0 0 0 0 0 0 0 0 0 3 0 0 0 0 0 0 0 0 0 0 0 0 0 0 0 0 0 0 0 0 0 0 0 0 0 0 0 0 0 0 0 0 0 0 0 0 0 0 0 0 0 0 0 0 0 0 0 0 0 0 0 0 0 0 0 0 0 0
hsa-miR-1237-3p 0 0 0 0 0 0 0 0 0 0 0 0 0 0 0 0 0 0 0 0 0 0 0 0 0 0 0 0 0 0 0 0 0 0 0 0 0 6 0 9 0 0 0 0 0 0 0 0 0 0 0 0 0 0 0 0 0 0 0 0 0 0 0 0 0 0 0 0 0 0 0 0 0 0 0 0 0 0 0 0 0 0 0 0 0 0 0 0 0 0 0 0 48 0 0 0
hsa-miR-134-3p 0 0 0 0 0 0 0 0 0 0 0 0 0 0 0 0 0 0 0 0 0 0 0 0 0 0 0 0 0 0 0 0 0 0 0 0 0 23 0 0 0 0 0 0 0 0 0 0 0 0 0 0 0 0 0 0 0 0 0 0 0 0 0 0 0 0 0 0 0 0 0 0 0 0 0 0 2 0 0 0 0 0 0 0 0 0 0 0 0 0 0 0 0 0 0 0
hsa-miR-3164 0 0 0 0 0 0 0 0 0 0 0 0 0 0 0 0 0 0 0 0 0 0 0 0 0 0 0 0 0 0 0 0 0 0 0 0 0 16 0 0 0 0 1 0 0 0 0 26 0 0 0 0 0 0 0 0 0 0 0 0 0 0 0 0 0 0 0 0 0 0 0 0 0 0 0 0 0 0 0 0 0 0 0 0 0 0 0 0 0 0 0 0 0 0 0 10
hsa-miR-370-5p 0 0 0 0 0 0 0 0 0 0 0 0 0 0 0 0 0 0 0 0 0 0 0 0 0 0 0 0 0 0 0 0 0 0 0 0 0 11 0 0 0 0 0 0 0 12 0 0 0 0 0 0 0 0 0 0 0 0 0 0 0 0 0 0 0 0 0 0 0 0 0 0 0 0 0 0 0 0 0 0 0 18 0 0 0 0 0 0 0 16 0 0 0 0 0 0
hsa-miR-4762-3p 0 0 0 0 0 0 0 0 0 0 0 0 0 0 0 0 0 0 0 0 0 0 0 0 0 0 0 0 0 0 0 0 0 0 0 0 0 45 0 0 0 0 0 0 0 0 0 0 0 0 0 0 0 0 0 0 0 0 0 0 0 0 0 0 0 0 0 0 0 0 0 0 0 0 0 0 0 0 0 0 0 0 0 0 0 0 22 0 0 0 0 0 38 0 0 0
hsa-miR-4797-3p 0 0 0 0 0 0 0 0 0 0 0 0 0 0 0 0 0 0 0 0 0 0 0 0 0 0 0 0 0 0 0 0 0 0 0 0 0 5 0 0 0 0 0 0 0 0 0 0 0 0 0 0 0 0 0 0 0 0 0 0 42 0 0 0 0 0 0 0 0 0 0 0 0 0 0 0 0 0 0 0 0 0 0 0 0 0 0 0 0 0 12 0 0 0 0 0
hsa-miR-487b-5p 0 0 0 0 0 0 0 0 0 0 0 0 0 0 0 0 0 0 0 0 0 0 0 0 0 0 0 0 0 0 0 0 0 0 0 0 0 14 0 0 0 0 0 0 0 0 0 0 26 0 0 0 0 0 0 0 0 42 0 0 0 0 0 0 0 0 0 0 0 0 0 0 0 0 0 0 0 0 0 0 0 32 0 0 0 0 0 0 0 0 0 0 0 0 0 0
hsa-miR-552-3p 0 0 0 0 0 0 0 0 0 0 0 0 0 0 0 0 0 0 0 0 0 0 0 0 0 0 0 0 0 0 0 0 0 0 0 0 0 9 0 0 0 0 0 0 0 0 20 0 0 0 0 4 12 0 0 0 0 0 0 0 0 0 0 0 0 0 0 0 0 0 0 0 0 0 0 0 0 0 0 0 0 0 0 0 0 0 74 0 0 0 0 0 0 0 0 0
hsa-miR-5579-3p 0 0 0 0 0 0 0 0 0 0 0 0 0 0 0 0 0 0 0 0 0 0 0 0 0 0 0 0 0 0 0 0 0 0 0 0 0 3 0 0 0 0 0 0 0 0 0 0 4 0 0 0 0 0 0 0 0 0 0 48 0 0 0 0 0 0 0 0 0 0 0 0 0 0 0 0 4 0 0 0 0 0 0 0 0 0 0 0 0 0 0 0 0 0 0 0
hsa-miR-599 0 0 0 0 0 0 0 0 0 0 0 0 0 0 0 0 0 0 0 0 0 0 0 0 0 0 0 0 0 0 0 0 0 0 0 0 0 11 0 0 0 0 0 0 0 0 0 0 0 0 0 0 0 0 0 0 0 0 0 0 0 0 0 0 0 0 0 0 0 0 0 0 0 0 0 0 0 0 0 0 0 0 0 0 0 0 0 0 0 0 0 0 0 0 0 0
hsa-miR-5187-5p 0 0 0 0 0 0 0 0 0 0 0 0 0 0 0 0 0 0 0 0 0 0 0 0 0 0 0 0 0 0 0 0 0 0 0 0 0 0 3 0 0 0 0 0 0 0 0 0 0 64 0 16 0 0 0 0 0 0 78 0 0 0 0 0 0 0 0 0 0 0 0 0 0 0 0 0 0 0 0 0 0 0 0 0 0 0 0 0 0 0 0 0 0 0 0 0
hsa-miR-6736-5p 0 0 0 0 0 0 0 0 0 0 0 0 0 0 0 0 0 0 0 0 0 0 0 0 0 0 0 0 0 0 0 0 0 0 0 0 0 0 2 0 0 0 0 0 0 0 0 0 0 0 0 0 0 0 0 0 0 0 0 0 0 0 0 0 0 50 0 0 0 0 0 0 0 0 0 0 0 0 0 0 0 0 0 0 0 0 0 0 0 0 0 0 0 0 0 0
hsa-miR-6741-5p 0 0 0 0 0 0 0 0 0 0 0 0 0 0 0 0 0 0 0 0 0 0 0 0 0 0 0 0 0 0 0 0 0 0 0 0 0 0 13 0 0 0 0 0 0 0 0 0 0 0 0 0 0 0 0 0 0 0 0 0 48 0 0 0 0 0 0 0 0 0 0 0 0 0 0 0 0 0 32 0 0 0 0 0 0 0 0 0 0 0 6 0 34 6 0 0
hsa-miR-6826-5p 0 0 0 0 0 0 0 0 0 0 0 0 0 0 0 0 0 0 0 0 0 0 0 0 0 0 0 0 0 0 0 0 0 0 0 0 0 0 15 0 0 0 0 0 0 0 0 0 0 0 0 0 0 0 0 0 0 0 0 0 52 0 0 0 0 0 0 0 0 0 0 0 0 0 0 0 0 0 0 0 0 0 0 0 0 0 0 0 0 0 0 0 0 0 0 0
hsa-miR-6846-5p 0 0 0 0 0 0 0 0 0 0 0 0 0 0 0 0 0 0 0 0 0 0 0 0 0 0 0 0 0 0 0 0 0 0 0 0 0 0 18 0 0 0 0 0 0 0 0 0 0 0 0 2 0 0 0 0 0 0 0 0 0 0 0 0 0 0 0 0 0 0 0 0 0 0 0 0 0 0 0 0 0 0 0 0 0 0 0 0 0 0 0 0 0 0 0 0
hsa-miR-6888-5p 0 0 0 0 0 0 0 0 0 0 0 0 0 0 0 0 0 0 0 0 0 0 0 0 0 0 0 0 0 0 0 0 0 0 0 0 0 0 22 0 0 0 0 0 0 0 0 0 0 0 0 0 0 0 0 0 0 0 0 0 0 0 0 0 0 0 0 0 0 0 0 0 0 0 0 0 0 0 0 0 0 0 0 0 0 0 0 0 0 0 0 0 0 0 0 0
hsa-miR-4476 0 0 0 0 0 0 0 0 0 0 0 0 0 0 0 0 0 0 0 0 0 0 0 0 0 0 0 0 0 0 0 0 0 0 0 0 0 0 0 21 60 0 0 0 0 0 0 0 0 0 0 0 0 0 0 0 0 0 0 0 0 0 0 0 0 0 0 0 0 0 0 0 0 0 0 0 0 0 0 0 0 0 0 0 0 0 0 0 0 0 0 0 0 0 0 0
hsa-miR-34b-3p 0 0 0 0 0 0 0 0 0 0 0 0 0 0 0 0 0 0 0 0 0 0 0 0 0 0 0 0 0 0 0 0 0 0 0 0 0 0 0 0 1 0 21 0 0 0 0 48 0 0 2 24 0 0 0 0 0 0 0 0 0 22 0 0 0 0 0 0 0 0 0 0 0 0 0 0 0 0 0 0 0 0 0 0 0 0 18 40 0 0 16 0 20 32 95 50
hsa-miR-4324 0 0 0 0 0 0 0 0 0 0 0 0 0 0 0 0 0 0 0 0 0 0 0 0 0 0 0 0 0 0 0 0 0 0 0 0 0 0 0 0 15 0 0 0 0 0 0 0 0 0 0 0 0 0 0 0 0 0 0 0 0 0 0 0 0 0 0 0 0 0 0 0 0 0 0 0 0 0 0 0 0 0 0 0 0 0 0 0 0 0 0 0 0 0 0 0
hsa-miR-4520-5p 0 0 0 0 0 0 0 0 0 0 0 0 0 0 0 0 0 0 0 0 0 0 0 0 0 0 0 0 0 0 0 0 0 0 0 0 0 0 0 0 10 0 0 0 0 0 0 0 0 0 0 0 0 0 0 0 0 0 0 0 0 0 0 0 0 0 0 0 0 0 0 0 0 0 0 0 0 0 0 0 0 0 0 0 0 0 10 0 0 0 0 0 0 0 0 0
hsa-miR-4788 0 0 0 0 0 0 0 0 0 0 0 0 0 0 0 0 0 0 0 0 0 0 0 0 0 0 0 0 0 0 0 0 0 0 0 0 0 0 0 0 26 0 0 0 0 0 0 0 0 0 0 0 0 0 66 0 0 0 0 0 0 0 0 0 0 0 0 0 0 0 0 0 0 0 0 0 0 0 0 0 0 0 0 0 0 0 2 0 0 0 0 0 0 0 0 0
hsa-miR-6858-5p 0 0 0 0 0 0 0 0 0 0 0 0 0 0 0 0 0 0 0 0 0 0 0 0 0 0 0 0 0 0 0 0 0 0 0 0 0 0 0 0 26 0 0 0 0 0 0 0 0 0 0 18 0 0 0 0 0 0 0 14 54 0 0 0 0 0 0 0 0 16 0 0 0 0 0 0 0 0 0 0 0 0 0 0 0 0 0 0 0 2 0 0 0 0 0 0
hsa-miR-6874-3p 0 0 0 0 0 0 0 0 0 0 0 0 0 0 0 0 0 0 0 0 0 0 0 0 0 0 0 0 0 0 0 0 0 0 0 0 0 0 0 0 47 0 0 0 0 0 0 0 0 0 0 0 0 0 0 0 0 0 0 0 2 0 0 0 0 0 0 0 0 0 0 0 0 0 0 0 0 0 0 0 0 0 0 0 0 0 0 0 0 0 0 0 0 0 0 0
hsa-miR-7111-5p 0 0 0 0 0 0 0 0 0 0 0 0 0 0 0 0 0 0 0 0 0 0 0 0 0 0 0 0 0 0 0 0 0 0 0 0 0 0 0 0 21 0 0 0 0 0 0 0 0 0 0 2 0 0 0 0 0 0 0 0 0 0 0 0 0 34 0 0 0 0 0 0 0 0 0 0 0 0 0 0 0 0 0 0 0 0 0 0 0 0 0 2 0 0 0 34
hsa-miR-892c-3p 0 0 0 0 0 0 0 0 0 0 0 0 0 0 0 0 0 0 0 0 0 0 0 0 0 0 0 0 0 0 0 0 0 0 0 0 0 0 0 0 5 0 0 0 0 0 0 0 0 0 0 0 0 0 0 0 0 0 0 0 0 0 0 0 0 0 0 0 0 0 0 0 0 0 0 0 0 0 0 0 0 0 0 0 0 0 0 0 0 0 0 0 18 20 0 0
hsa-miR-4703-5p 0 0 0 0 0 0 0 0 0 0 0 0 0 0 0 0 0 0 0 0 0 0 0 0 0 0 0 0 0 0 0 0 0 0 0 0 0 0 0 0 0 15 0 0 0 0 0 0 0 0 0 0 0 0 0 0 0 0 0 0 0 0 0 0 0 0 0 0 0 0 0 0 0 0 0 0 0 0 0 0 0 0 0 0 0 0 0 0 0 0 0 0 0 0 0 0
hsa-miR-937-5p 0 0 0 0 0 0 0 0 0 0 0 0 0 0 0 0 0 0 0 0 0 0 0 0 0 0 0 0 0 0 0 0 0 0 0 0 0 0 0 0 0 1 0 0 0 0 0 0 0 0 0 0 0 0 0 0 0 0 0 0 0 0 0 0 0 0 0 0 0 0 0 0 0 0 0 0 0 0 0 56 0 0 0 0 0 0 0 104 0 0 58 0 0 0 0 0
hsa-miR-100-3p 0 0 0 0 0 0 0 0 0 0 0 0 0 0 0 0 0 0 0 0 0 0 0 0 0 0 0 0 0 0 0 0 0 0 0 0 0 0 0 0 0 0 1 0 0 0 0 0 0 0 0 0 0 0 0 0 0 0 0 0 0 0 0 0 0 0 0 0 0 0 0 0 0 0 0 30 0 0 0 0 0 0 0 0 0 0 0 0 0 0 0 0 0 0 0 0
hsa-miR-3165 0 0 0 0 0 0 0 0 0 0 0 0 0 0 0 0 0 0 0 0 0 0 0 0 0 0 0 0 0 0 0 0 0 0 0 0 0 0 0 0 0 0 15 0 0 0 0 0 0 0 0 0 0 0 0 0 0 0 0 0 0 0 0 0 0 0 0 0 0 0 0 0 0 0 0 0 0 0 0 0 0 0 0 0 0 0 0 0 0 0 0 0 60 0 0 0
hsa-miR-4436b-5p 0 0 0 0 0 0 0 0 0 0 0 0 0 0 0 0 0 0 0 0 0 0 0 0 0 0 0 0 0 0 0 0 0 0 0 0 0 0 0 0 0 0 12 0 0 0 0 0 0 0 0 0 0 0 0 0 0 0 0 0 0 0 0 0 0 0 0 0 0 0 0 0 0 0 0 0 0 0 0 0 0 0 0 0 0 0 0 0 0 0 0 0 0 0 0 0
hsa-miR-4638-5p 0 0 0 0 0 0 0 0 0 0 0 0 0 0 0 0 0 0 0 0 0 0 0 0 0 0 0 0 0 0 0 0 0 0 0 0 0 0 0 0 0 0 1 0 0 0 0 0 0 0 0 0 0 0 0 0 0 0 0 18 0 0 0 0 0 0 0 0 0 0 0 0 0 0 0 0 0 0 0 0 0 0 0 0 0 0 0 0 0 0 0 0 0 0 0 0
hsa-miR-4687-3p 0 0 0 0 0 0 0 0 0 0 0 0 0 0 0 0 0 0 0 0 0 0 0 0 0 0 0 0 0 0 0 0 0 0 0 0 0 0 0 0 0 0 28 0 0 0 0 0 32 14 78 0 0 0 46 0 0 0 0 0 60 0 0 0 0 0 0 0 0 0 0 0 0 0 0 0 0 0 0 0 0 0 0 26 0 0 0 0 0 0 0 0 28 0 7 0
hsa-miR-6796-5p 0 0 0 0 0 0 0 0 0 0 0 0 0 0 0 0 0 0 0 0 0 0 0 0 0 0 0 0 0 0 0 0 0 0 0 0 0 0 0 0 0 0 16 0 0 22 0 0 0 0 0 0 0 0 0 0 0 0 0 0 0 0 0 0 0 0 0 0 0 0 0 0 0 0 0 0 0 0 0 0 0 0 0 0 0 0 0 0 0 0 0 0 0 0 0 0
hsa-miR-4639-3p 0 0 0 0 0 0 0 0 0 0 0 0 0 0 0 0 0 0 0 0 0 0 0 0 0 0 0 0 0 0 0 0 0 0 0 0 0 0 0 0 0 0 0 6 0 0 0 0 0 0 0 0 0 0 0 0 0 0 0 0 0 0 0 0 0 0 0 0 0 0 0 0 0 0 0 0 0 0 0 0 0 0 6 0 0 0 0 0 0 0 0 0 0 0 0 0
hsa-miR-503-3p 0 0 0 0 0 0 0 0 0 0 0 0 0 0 0 0 0 0 0 0 0 0 0 0 0 0 0 0 0 0 0 0 0 0 0 0 0 0 0 0 0 0 0 4 0 0 0 0 0 0 0 0 0 0 0 0 0 0 0 0 0 0 0 0 2 2 0 0 0 0 0 0 0 0 0 24 0 0 0 0 0 0 0 0 0 0 0 0 0 0 116 0 78 132 0 33
hsa-miR-4695-5p 0 0 0 0 0 0 0 0 0 0 0 0 0 0 0 0 0 0 0 0 0 0 0 0 0 0 0 0 0 0 0 0 0 0 0 0 0 0 0 0 0 0 0 0 6 0 0 0 0 0 0 0 0 0 0 0 0 0 0 0 0 0 0 0 0 0 0 0 0 0 0 0 0 0 0 0 0 0 0 0 0 0 0 0 0 0 0 0 0 0 0 0 0 0 0 0
hsa-miR-6752-5p 0 0 0 0 0 0 0 0 0 0 0 0 0 0 0 0 0 0 0 0 0 0 0 0 0 0 0 0 0 0 0 0 0 0 0 0 0 0 0 0 0 0 0 0 50 0 0 0 0 0 0 0 0 0 0 0 0 0 0 0 0 0 0 0 0 0 0 0 0 0 0 0 0 0 0 0 0 0 0 0 0 0 0 0 0 0 0 0 0 0 0 0 0 0 0 0
hsa-miR-4317 0 0 0 0 0 0 0 0 0 0 0 0 0 0 0 0 0 0 0 0 0 0 0 0 0 0 0 0 0 0 0 0 0 0 0 0 0 0 0 0 0 0 0 0 0 2 0 0 0 0 0 0 0 0 0 0 0 0 0 0 0 0 0 0 0 0 0 0 0 0 0 0 0 0 0 0 0 0 0 0 0 0 0 0 0 0 0 0 0 0 0 0 0 0 0 0
hsa-miR-4653-3p 0 0 0 0 0 0 0 0 0 0 0 0 0 0 0 0 0 0 0 0 0 0 0 0 0 0 0 0 0 0 0 0 0 0 0 0 0 0 0 0 0 0 0 0 0 30 0 0 0 0 0 0 0 0 0 0 0 0 0 0 0 0 0 0 0 0 0 0 0 0 0 0 0 0 0 0 0 0 0 0 0 0 0 0 0 0 0 0 0 0 0 0 40 0 0 0
hsa-miR-4743-3p 0 0 0 0 0 0 0 0 0 0 0 0 0 0 0 0 0 0 0 0 0 0 0 0 0 0 0 0 0 0 0 0 0 0 0 0 0 0 0 0 0 0 0 0 0 8 0 0 0 0 0 0 0 0 0 0 0 0 0 0 0 0 0 0 0 0 0 0 0 0 0 0 0 0 0 0 0 0 0 0 0 0 0 0 0 0 0 0 0 0 0 0 0 0 0 0
hsa-miR-551a 0 0 0 0 0 0 0 0 0 0 0 0 0 0 0 0 0 0 0 0 0 0 0 0 0 0 0 0 0 0 0 0 0 0 0 0 0 0 0 0 0 0 0 0 0 36 0 0 0 0 0 0 0 0 0 0 0 0 0 0 0 0 0 0 0 0 0 0 0 0 0 0 0 0 0 0 0 0 0 0 0 0 0 0 0 4 0 0 0 0 0 0 0 0 0 0
hsa-miR-6783-3p 0 0 0 0 0 0 0 0 0 0 0 0 0 0 0 0 0 0 0 0 0 0 0 0 0 0 0 0 0 0 0 0 0 0 0 0 0 0 0 0 0 0 0 0 0 14 0 0 0 0 0 0 0 0 0 0 0 0 0 0 0 0 0 0 0 0 0 0 0 0 0 0 0 0 0 0 0 0 0 0 0 0 0 0 0 0 0 0 0 0 0 42 94 0 0 0
hsa-miR-6839-3p 0 0 0 0 0 0 0 0 0 0 0 0 0 0 0 0 0 0 0 0 0 0 0 0 0 0 0 0 0 0 0 0 0 0 0 0 0 0 0 0 0 0 0 0 0 44 0 0 0 0 0 0 0 0 0 0 0 0 0 0 0 0 0 0 0 0 0 0 0 0 0 0 0 0 0 0 0 0 0 0 0 0 0 0 0 0 0 0 0 0 0 0 0 0 0 0
hsa-miR-7855-5p 0 0 0 0 0 0 0 0 0 0 0 0 0 0 0 0 0 0 0 0 0 0 0 0 0 0 0 0 0 0 0 0 0 0 0 0 0 0 0 0 0 0 0 0 0 22 0 0 0 0 0 0 0 0 0 0 4 0 0 0 0 0 0 0 0 0 0 0 0 0 0 26 0 0 0 0 0 0 0 0 0 0 0 2 0 0 0 0 0 0 0 0 0 0 0 0
hsa-miR-1304-3p 0 0 0 0 0 0 0 0 0 0 0 0 0 0 0 0 0 0 0 0 0 0 0 0 0 0 0 0 0 0 0 0 0 0 0 0 0 0 0 0 0 0 0 0 0 0 10 0 0 0 0 0 0 0 0 0 0 0 0 0 0 0 0 0 0 0 0 0 0 0 0 0 0 0 0 0 0 0 0 0 0 0 0 0 0 0 0 0 0 0 0 2 0 0 0 0
hsa-miR-197-5p 0 0 0 0 0 0 0 0 0 0 0 0 0 0 0 0 0 0 0 0 0 0 0 0 0 0 0 0 0 0 0 0 0 0 0 0 0 0 0 0 0 0 0 0 0 0 10 0 0 0 0 0 0 0 0 0 0 0 0 0 50 0 0 0 0 0 0 0 0 0 0 0 0 0 0 0 0 0 0 0 0 0 22 0 0 0 0 0 0 0 2 78 24 26 0 10
hsa-miR-5188 0 0 0 0 0 0 0 0 0 0 0 0 0 0 0 0 0 0 0 0 0 0 0 0 0 0 0 0 0 0 0 0 0 0 0 0 0 0 0 0 0 0 0 0 0 0 28 0 0 0 0 0 0 0 0 0 0 0 0 0 0 0 0 0 0 0 0 0 0 0 0 0 0 0 0 0 0 0 0 0 0 0 0 0 0 0 0 0 0 0 0 0 0 0 0 0
hsa-miR-548av-3p 0 0 0 0 0 0 0 0 0 0 0 0 0 0 0 0 0 0 0 0 0 0 0 0 0 0 0 0 0 0 0 0 0 0 0 0 0 0 0 0 0 0 0 0 0 0 22 0 0 0 0 0 0 0 0 22 0 0 0 0 0 0 0 0 0 0 0 0 0 0 0 0 0 52 0 0 0 0 0 0 0 0 0 0 0 0 0 0 0 0 0 0 0 0 0 0
hsa-miR-4459 0 0 0 0 0 0 0 0 0 0 0 0 0 0 0 0 0 0 0 0 0 0 0 0 0 0 0 0 0 0 0 0 0 0 0 0 0 0 0 0 0 0 0 0 0 0 0 6 12 0 0 0 2 0 0 0 0 0 0 0 0 0 0 0 0 0 0 0 0 0 0 0 0 0 0 0 0 0 0 0 0 0 0 0 0 0 0 0 0 0 0 0 0 0 0 0
hsa-miR-1296-3p 0 0 0 0 0 0 0 0 0 0 0 0 0 0 0 0 0 0 0 0 0 0 0 0 0 0 0 0 0 0 0 0 0 0 0 0 0 0 0 0 0 0 0 0 0 0 0 0 16 0 0 0 0 0 0 0 0 0 0 0 0 0 0 0 0 0 0 0 0 0 0 0 0 0 0 0 0 0 0 0 0 0 0 0 0 0 0 0 0 0 0 0 0 0 0 0
hsa-miR-1537-3p 0 0 0 0 0 0 0 0 0 0 0 0 0 0 0 0 0 0 0 0 0 0 0 0 0 0 0 0 0 0 0 0 0 0 0 0 0 0 0 0 0 0 0 0 0 0 0 0 2 0 0 0 0 0 0 0 0 0 0 0 0 0 0 0 0 0 0 0 0 42 0 0 0 0 0 0 0 0 2 0 0 0 0 0 0 0 0 0 0 0 0 0 0 0 0 0
hsa-miR-1825 0 0 0 0 0 0 0 0 0 0 0 0 0 0 0 0 0 0 0 0 0 0 0 0 0 0 0 0 0 0 0 0 0 0 0 0 0 0 0 0 0 0 0 0 0 0 0 0 6 0 0 0 0 0 0 0 0 0 0 0 0 0 0 0 0 0 0 0 0 0 0 0 0 0 0 0 0 0 0 0 0 0 0 0 0 0 0 0 0 0 0 0 0 0 0 0
hsa-miR-18b-3p 0 0 0 0 0 0 0 0 0 0 0 0 0 0 0 0 0 0 0 0 0 0 0 0 0 0 0 0 0 0 0 0 0 0 0 0 0 0 0 0 0 0 0 0 0 0 0 0 10 12 0 0 0 0 0 0 0 0 0 0 0 0 0 0 0 0 18 0 0 0 0 0 0 0 0 0 0 0 0 0 0 0 0 0 0 0 0 0 50 0 0 0 0 0 0 0
hsa-miR-4433a-3p 0 0 0 0 0 0 0 0 0 0 0 0 0 0 0 0 0 0 0 0 0 0 0 0 0 0 0 0 0 0 0 0 0 0 0 0 0 0 0 0 0 0 0 0 0 0 0 0 2 0 0 0 0 0 0 0 0 0 0 0 0 0 0 0 0 0 0 0 0 0 0 0 0 0 0 0 0 0 0 0 0 0 0 0 0 0 0 0 0 0 0 0 0 0 0 0
hsa-miR-448 0 0 0 0 0 0 0 0 0 0 0 0 0 0 0 0 0 0 0 0 0 0 0 0 0 0 0 0 0 0 0 0 0 0 0 0 0 0 0 0 0 0 0 0 0 0 0 0 38 0 0 0 0 0 0 0 0 0 0 0 0 0 0 0 0 0 0 0 0 0 0 0 0 0 0 0 0 0 0 0 0 0 0 0 0 0 0 0 0 0 134 84 204 34 0 4
hsa-miR-4691-3p 0 0 0 0 0 0 0 0 0 0 0 0 0 0 0 0 0 0 0 0 0 0 0 0 0 0 0 0 0 0 0 0 0 0 0 0 0 0 0 0 0 0 0 0 0 0 0 0 22 0 0 0 0 0 0 0 0 0 0 0 0 0 0 0 0 0 0 0 0 0 0 0 0 0 0 0 0 0 0 0 0 0 0 0 0 0 0 0 0 0 0 0 0 0 0 0
hsa-miR-6782-3p 0 0 0 0 0 0 0 0 0 0 0 0 0 0 0 0 0 0 0 0 0 0 0 0 0 0 0 0 0 0 0 0 0 0 0 0 0 0 0 0 0 0 0 0 0 0 0 0 30 0 0 0 0 0 0 0 0 0 0 0 0 0 0 0 0 0 0 0 0 0 0 0 0 0 0 0 0 0 0 0 0 0 0 0 0 0 0 0 0 0 0 0 0 0 0 57
hsa-miR-6807-3p 0 0 0 0 0 0 0 0 0 0 0 0 0 0 0 0 0 0 0 0 0 0 0 0 0 0 0 0 0 0 0 0 0 0 0 0 0 0 0 0 0 0 0 0 0 0 0 0 94 0 0 0 0 0 0 0 0 0 0 0 0 0 0 0 0 0 0 0 0 0 0 0 0 0 0 0 0 0 0 0 0 0 0 0 0 0 28 0 0 0 0 0 0 0 0 0
hsa-miR-6862-3p 0 0 0 0 0 0 0 0 0 0 0 0 0 0 0 0 0 0 0 0 0 0 0 0 0 0 0 0 0 0 0 0 0 0 0 0 0 0 0 0 0 0 0 0 0 0 0 0 8 0 0 6 0 0 0 0 0 0 0 0 0 0 0 0 0 0 0 0 0 0 0 0 0 0 0 0 0 0 0 0 0 0 0 0 0 0 0 0 0 0 0 0 30 0 0 0
hsa-miR-7702 0 0 0 0 0 0 0 0 0 0 0 0 0 0 0 0 0 0 0 0 0 0 0 0 0 0 0 0 0 0 0 0 0 0 0 0 0 0 0 0 0 0 0 0 0 0 0 0 10 0 0 0 0 0 0 0 0 0 0 0 0 0 0 0 0 0 0 0 0 0 0 0 0 0 0 0 0 0 0 4 40 0 0 0 0 0 0 0 0 0 0 0 0 0 0 0
hsa-miR-7844-5p 0 0 0 0 0 0 0 0 0 0 0 0 0 0 0 0 0 0 0 0 0 0 0 0 0 0 0 0 0 0 0 0 0 0 0 0 0 0 0 0 0 0 0 0 0 0 0 0 16 0 0 0 0 0 0 0 0 0 0 0 0 0 0 0 0 0 0 0 0 0 0 0 0 0 0 0 0 0 0 0 0 0 0 30 0 0 0 0 0 0 18 0 0 0 0 0
hsa-miR-885-3p 0 0 0 0 0 0 0 0 0 0 0 0 0 0 0 0 0 0 0 0 0 0 0 0 0 0 0 0 0 0 0 0 0 0 0 0 0 0 0 0 0 0 0 0 0 0 0 0 16 0 0 0 0 0 0 0 0 0 0 0 0 0 0 0 0 0 0 0 0 0 0 0 0 0 0 0 0 0 0 0 0 0 0 0 0 0 0 0 0 0 0 0 0 0 0 0
hsa-miR-3181 0 0 0 0 0 0 0 0 0 0 0 0 0 0 0 0 0 0 0 0 0 0 0 0 0 0 0 0 0 0 0 0 0 0 0 0 0 0 0 0 0 0 0 0 0 0 0 0 0 20 0 0 0 0 0 0 0 0 0 0 0 0 0 0 0 0 0 0 0 0 0 0 0 0 0 0 0 0 0 0 0 0 0 0 0 0 0 0 0 0 0 0 0 0 0 20
hsa-miR-3714 0 0 0 0 0 0 0 0 0 0 0 0 0 0 0 0 0 0 0 0 0 0 0 0 0 0 0 0 0 0 0 0 0 0 0 0 0 0 0 0 0 0 0 0 0 0 0 0 0 6 0 0 0 0 0 0 0 0 0 0 0 0 0 0 0 0 0 0 0 0 0 0 0 0 0 0 0 0 0 0 0 0 0 0 0 0 0 0 0 0 0 0 0 0 0 0
hsa-miR-92a-2-5p 0 0 0 0 0 0 0 0 0 0 0 0 0 0 0 0 0 0 0 0 0 0 0 0 0 0 0 0 0 0 0 0 0 0 0 0 0 0 0 0 0 0 0 0 0 0 0 0 0 16 0 0 0 0 0 0 0 0 0 0 0 0 0 0 0 0 0 0 50 0 0 0 0 0 0 0 0 0 0 0 0 0 0 0 0 0 0 0 0 0 0 0 0 0 0 0
hsa-miR-4695-3p 0 0 0 0 0 0 0 0 0 0 0 0 0 0 0 0 0 0 0 0 0 0 0 0 0 0 0 0 0 0 0 0 0 0 0 0 0 0 0 0 0 0 0 0 0 0 0 0 0 0 2 0 0 0 0 0 0 0 0 0 0 0 0 0 0 0 0 0 0 0 0 0 0 0 0 0 0 0 0 0 0 0 0 0 0 0 0 0 0 0 0 0 0 50 0 0
hsa-miR-519c-3p 0 0 0 0 0 0 0 0 0 0 0 0 0 0 0 0 0 0 0 0 0 0 0 0 0 0 0 0 0 0 0 0 0 0 0 0 0 0 0 0 0 0 0 0 0 0 0 0 0 0 2 28 0 0 0 0 0 0 0 0 0 0 0 0 0 0 0 0 0 0 0 0 0 0 0 0 0 0 0 0 0 2 0 0 0 0 24 0 0 0 0 0 0 0 0 0
hsa-miR-135a-3p 0 0 0 0 0 0 0 0 0 0 0 0 0 0 0 0 0 0 0 0 0 0 0 0 0 0 0 0 0 0 0 0 0 0 0 0 0 0 0 0 0 0 0 0 0 0 0 0 0 0 0 4 0 0 0 0 0 0 0 0 0 0 0 0 0 0 0 0 0 0 0 0 0 0 0 0 0 0 0 0 0 0 0 0 0 0 0 0 0 0 0 0 0 0 0 0
hsa-miR-1539 0 0 0 0 0 0 0 0 0 0 0 0 0 0 0 0 0 0 0 0 0 0 0 0 0 0 0 0 0 0 0 0 0 0 0 0 0 0 0 0 0 0 0 0 0 0 0 0 0 0 0 2 0 0 0 0 0 0 0 0 0 0 0 0 0 0 0 0 0 0 0 0 0 0 0 0 0 0 0 0 0 0 0 0 0 0 0 0 0 0 0 0 0 0 0 0
hsa-miR-2114-3p 0 0 0 0 0 0 0 0 0 0 0 0 0 0 0 0 0 0 0 0 0 0 0 0 0 0 0 0 0 0 0 0 0 0 0 0 0 0 0 0 0 0 0 0 0 0 0 0 0 0 0 14 0 0 0 0 0 0 0 0 0 0 0 0 0 0 0 0 0 0 0 0 0 0 0 0 0 0 0 0 0 0 0 0 0 0 0 0 0 0 0 0 0 0 0 0
hsa-miR-2682-5p 0 0 0 0 0 0 0 0 0 0 0 0 0 0 0 0 0 0 0 0 0 0 0 0 0 0 0 0 0 0 0 0 0 0 0 0 0 0 0 0 0 0 0 0 0 0 0 0 0 0 0 12 0 0 0 0 0 0 0 0 0 0 0 0 0 0 0 0 0 0 0 0 0 0 0 0 0 0 0 0 0 0 0 0 0 0 0 0 0 0 0 0 0 0 0 0
hsa-miR-3124-5p 0 0 0 0 0 0 0 0 0 0 0 0 0 0 0 0 0 0 0 0 0 0 0 0 0 0 0 0 0 0 0 0 0 0 0 0 0 0 0 0 0 0 0 0 0 0 0 0 0 0 0 34 0 0 0 0 0 0 0 0 0 0 0 0 0 0 0 0 0 0 0 0 0 0 0 0 0 0 0 0 0 0 0 0 0 0 0 0 0 0 0 0 0 0 0 0
hsa-miR-3689f 0 0 0 0 0 0 0 0 0 0 0 0 0 0 0 0 0 0 0 0 0 0 0 0 0 0 0 0 0 0 0 0 0 0 0 0 0 0 0 0 0 0 0 0 0 0 0 0 0 0 0 2 0 0 2 0 0 0 0 0 0 0 0 0 0 0 2 0 0 0 0 0 0 2 0 0 0 0 0 0 2 0 0 0 0 0 0 0 0 0 40 0 494 192 0 0
hsa-miR-3911 0 0 0 0 0 0 0 0 0 0 0 0 0 0 0 0 0 0 0 0 0 0 0 0 0 0 0 0 0 0 0 0 0 0 0 0 0 0 0 0 0 0 0 0 0 0 0 0 0 0 0 86 0 2 0 0 0 0 0 0 0 0 0 0 0 26 0 0 0 0 0 0 0 0 0 0 0 52 0 0 0 0 0 8 0 0 0 0 0 0 30 66 0 0 68 0
hsa-miR-3918 0 0 0 0 0 0 0 0 0 0 0 0 0 0 0 0 0 0 0 0 0 0 0 0 0 0 0 0 0 0 0 0 0 0 0 0 0 0 0 0 0 0 0 0 0 0 0 0 0 0 0 12 0 0 0 0 0 0 0 0 0 0 0 0 0 0 0 0 0 0 0 0 0 0 0 0 0 0 0 0 0 0 0 0 0 0 0 0 0 0 0 0 0 0 0 0
hsa-miR-412-3p 0 0 0 0 0 0 0 0 0 0 0 0 0 0 0 0 0 0 0 0 0 0 0 0 0 0 0 0 0 0 0 0 0 0 0 0 0 0 0 0 0 0 0 0 0 0 0 0 0 0 0 66 0 0 0 0 0 0 0 0 0 0 0 0 0 0 0 0 0 0 0 0 0 0 2 0 0 0 0 0 0 0 30 0 0 0 0 0 0 0 0 0 0 0 0 0
hsa-miR-4495 0 0 0 0 0 0 0 0 0 0 0 0 0 0 0 0 0 0 0 0 0 0 0 0 0 0 0 0 0 0 0 0 0 0 0 0 0 0 0 0 0 0 0 0 0 0 0 0 0 0 0 8 0 0 0 0 0 0 0 0 0 0 0 0 0 0 0 0 0 0 0 0 0 0 0 0 0 0 0 0 0 0 0 0 0 0 0 0 0 0 0 0 0 0 0 0
hsa-miR-4679 0 0 0 0 0 0 0 0 0 0 0 0 0 0 0 0 0 0 0 0 0 0 0 0 0 0 0 0 0 0 0 0 0 0 0 0 0 0 0 0 0 0 0 0 0 0 0 0 0 0 0 24 0 0 0 0 0 0 0 0 0 0 0 0 0 0 0 0 0 0 0 0 0 0 0 0 0 0 0 0 0 0 0 0 0 0 0 0 0 0 0 0 0 0 0 0
hsa-miR-4700-5p 0 0 0 0 0 0 0 0 0 0 0 0 0 0 0 0 0 0 0 0 0 0 0 0 0 0 0 0 0 0 0 0 0 0 0 0 0 0 0 0 0 0 0 0 0 0 0 0 0 0 0 40 0 0 0 0 0 0 0 0 0 0 0 0 0 0 0 0 0 0 0 0 0 0 0 0 0 0 0 0 0 0 0 0 0 0 0 0 0 0 0 0 0 0 0 0
hsa-miR-4786-3p 0 0 0 0 0 0 0 0 0 0 0 0 0 0 0 0 0 0 0 0 0 0 0 0 0 0 0 0 0 0 0 0 0 0 0 0 0 0 0 0 0 0 0 0 0 0 0 0 0 0 0 10 0 0 0 0 0 0 0 0 0 0 0 0 0 0 0 0 0 0 0 0 0 0 0 0 0 0 0 0 0 0 0 0 0 0 0 0 0 0 0 0 0 0 0 0
hsa-miR-518a-3p 0 0 0 0 0 0 0 0 0 0 0 0 0 0 0 0 0 0 0 0 0 0 0 0 0 0 0 0 0 0 0 0 0 0 0 0 0 0 0 0 0 0 0 0 0 0 0 0 0 0 0 80 0 0 0 0 0 0 0 0 0 0 0 0 0 0 0 0 0 0 0 0 0 0 0 0 0 0 0 0 0 0 0 0 0 0 2 0 0 0 0 0 0 0 0 0
hsa-miR-519d-3p 0 0 0 0 0 0 0 0 0 0 0 0 0 0 0 0 0 0 0 0 0 0 0 0 0 0 0 0 0 0 0 0 0 0 0 0 0 0 0 0 0 0 0 0 0 0 0 0 0 0 0 4 0 0 0 0 0 0 0 0 0 0 0 0 0 0 0 0 0 0 0 0 0 0 0 0 0 0 0 0 0 0 0 0 0 0 0 0 0 0 0 0 0 0 0 0
hsa-miR-520a-3p 0 0 0 0 0 0 0 0 0 0 0 0 0 0 0 0 0 0 0 0 0 0 0 0 0 0 0 0 0 0 0 0 0 0 0 0 0 0 0 0 0 0 0 0 0 0 0 0 0 0 0 42 0 0 0 0 0 0 0 0 0 0 0 0 0 0 0 0 0 0 0 0 0 0 0 0 0 0 0 0 0 0 0 0 0 0 0 0 0 0 0 0 0 42 0 0
hsa-miR-520f-3p 0 0 0 0 0 0 0 0 0 0 0 0 0 0 0 0 0 0 0 0 0 0 0 0 0 0 0 0 0 0 0 0 0 0 0 0 0 0 0 0 0 0 0 0 0 0 0 0 0 0 0 16 0 0 0 0 0 0 0 0 0 0 0 0 0 0 0 0 0 0 0 0 0 0 0 0 0 0 0 0 0 0 0 0 0 0 40 0 0 0 0 0 0 0 5 0
hsa-miR-523-3p 0 0 0 0 0 0 0 0 0 0 0 0 0 0 0 0 0 0 0 0 0 0 0 0 0 0 0 0 0 0 0 0 0 0 0 0 0 0 0 0 0 0 0 0 0 0 0 0 0 0 0 26 0 0 0 0 0 0 0 0 0 0 0 0 0 0 0 0 0 0 0 0 0 0 0 0 0 0 0 0 0 0 0 0 0 0 0 0 0 0 0 0 0 0 0 0
hsa-miR-5583-3p 0 0 0 0 0 0 0 0 0 0 0 0 0 0 0 0 0 0 0 0 0 0 0 0 0 0 0 0 0 0 0 0 0 0 0 0 0 0 0 0 0 0 0 0 0 0 0 0 0 0 0 18 0 0 0 0 0 0 0 0 0 0 0 0 0 0 0 0 0 0 0 0 0 0 0 0 0 0 0 0 0 0 0 0 0 0 0 0 0 0 0 0 0 0 16 0
hsa-miR-670-3p 0 0 0 0 0 0 0 0 0 0 0 0 0 0 0 0 0 0 0 0 0 0 0 0 0 0 0 0 0 0 0 0 0 0 0 0 0 0 0 0 0 0 0 0 0 0 0 0 0 0 0 8 0 0 0 0 0 0 0 0 0 0 0 0 0 0 0 0 0 0 0 0 0 0 0 0 0 0 0 0 0 0 0 0 0 0 0 0 0 0 0 0 0 0 0 0
hsa-miR-670-5p 0 0 0 0 0 0 0 0 0 0 0 0 0 0 0 0 0 0 0 0 0 0 0 0 0 0 0 0 0 0 0 0 0 0 0 0 0 0 0 0 0 0 0 0 0 0 0 0 0 0 0 14 0 0 0 0 0 0 0 0 0 0 0 0 0 0 0 0 0 0 0 0 0 0 0 0 0 0 0 0 0 0 0 0 0 0 56 0 0 0 0 0 0 0 0 0
hsa-miR-1301-5p 0 0 0 0 0 0 0 0 0 0 0 0 0 0 0 0 0 0 0 0 0 0 0 0 0 0 0 0 0 0 0 0 0 0 0 0 0 0 0 0 0 0 0 0 0 0 0 0 0 0 0 0 10 0 0 0 0 0 0 0 0 0 0 0 0 0 0 0 0 0 0 0 0 0 0 0 0 0 0 0 0 0 0 0 0 0 0 0 0 0 0 0 0 0 11 0
hsa-miR-585-5p 0 0 0 0 0 0 0 0 0 0 0 0 0 0 0 0 0 0 0 0 0 0 0 0 0 0 0 0 0 0 0 0 0 0 0 0 0 0 0 0 0 0 0 0 0 0 0 0 0 0 0 0 30 0 0 0 0 0 0 0 0 0 0 0 0 0 0 0 0 0 0 0 0 0 0 0 0 0 0 0 0 0 0 0 0 0 0 0 0 0 0 0 0 0 0 0
hsa-miR-610 0 0 0 0 0 0 0 0 0 0 0 0 0 0 0 0 0 0 0 0 0 0 0 0 0 0 0 0 0 0 0 0 0 0 0 0 0 0 0 0 0 0 0 0 0 0 0 0 0 0 0 0 28 0 0 0 0 0 0 0 0 0 0 0 0 0 0 0 0 0 0 0 0 0 0 0 0 0 0 0 0 0 0 0 0 0 0 0 0 0 0 0 0 0 0 0
hsa-miR-6762-5p 0 0 0 0 0 0 0 0 0 0 0 0 0 0 0 0 0 0 0 0 0 0 0 0 0 0 0 0 0 0 0 0 0 0 0 0 0 0 0 0 0 0 0 0 0 0 0 0 0 0 0 0 8 0 0 0 0 0 0 0 0 0 0 0 0 0 0 0 0 0 0 0 0 0 0 0 0 0 0 0 0 0 0 0 0 0 0 0 0 0 0 0 0 0 0 0
hsa-miR-6783-5p 0 0 0 0 0 0 0 0 0 0 0 0 0 0 0 0 0 0 0 0 0 0 0 0 0 0 0 0 0 0 0 0 0 0 0 0 0 0 0 0 0 0 0 0 0 0 0 0 0 0 0 0 22 0 0 0 0 0 0 0 0 0 0 0 0 0 0 0 0 0 0 0 0 0 0 0 0 0 0 0 0 0 0 0 0 0 18 0 0 0 0 0 0 20 65 0
hsa-miR-4731-5p 0 0 0 0 0 0 0 0 0 0 0 0 0 0 0 0 0 0 0 0 0 0 0 0 0 0 0 0 0 0 0 0 0 0 0 0 0 0 0 0 0 0 0 0 0 0 0 0 0 0 0 0 0 64 0 0 0 0 0 0 0 0 0 0 0 0 0 0 0 0 0 0 0 0 0 0 0 0 0 0 0 0 0 0 0 0 0 0 0 0 0 0 0 0 0 0
hsa-miR-1909-5p 0 0 0 0 0 0 0 0 0 0 0 0 0 0 0 0 0 0 0 0 0 0 0 0 0 0 0 0 0 0 0 0 0 0 0 0 0 0 0 0 0 0 0 0 0 0 0 0 0 0 0 0 0 0 2 0 0 0 0 0 0 0 0 0 0 0 0 0 0 0 0 0 0 0 0 0 0 0 0 0 0 0 0 0 0 0 0 0 0 0 76 0 88 14 0 0
hsa-miR-34b-5p 0 0 0 0 0 0 0 0 0 0 0 0 0 0 0 0 0 0 0 0 0 0 0 0 0 0 0 0 0 0 0 0 0 0 0 0 0 0 0 0 0 0 0 0 0 0 0 0 0 0 0 0 0 0 46 0 0 0 0 0 0 0 0 0 0 0 0 0 0 0 0 0 0 0 0 0 0 0 0 0 0 0 0 0 0 0 0 0 0 0 0 2 8 58 9 0
hsa-miR-4312 0 0 0 0 0 0 0 0 0 0 0 0 0 0 0 0 0 0 0 0 0 0 0 0 0 0 0 0 0 0 0 0 0 0 0 0 0 0 0 0 0 0 0 0 0 0 0 0 0 0 0 0 0 0 2 0 0 0 0 0 0 0 0 0 0 0 0 0 0 0 0 0 0 0 0 0 0 0 0 0 0 0 0 0 0 0 36 0 0 0 0 0 0 0 0 0
hsa-miR-378b 0 0 0 0 0 0 0 0 0 0 0 0 0 0 0 0 0 0 0 0 0 0 0 0 0 0 0 0 0 0 0 0 0 0 0 0 0 0 0 0 0 0 0 0 0 0 0 0 0 0 0 0 0 0 0 2 0 0 0 0 0 0 0 0 0 0 0 0 0 0 0 0 0 0 0 0 0 0 0 0 0 0 0 0 0 0 0 0 0 0 0 0 0 0 0 0
hsa-miR-5004-5p 0 0 0 0 0 0 0 0 0 0 0 0 0 0 0 0 0 0 0 0 0 0 0 0 0 0 0 0 0 0 0 0 0 0 0 0 0 0 0 0 0 0 0 0 0 0 0 0 0 0 0 0 0 0 0 24 0 0 0 0 0 0 0 0 0 0 0 0 0 0 0 0 0 0 0 0 0 0 0 0 0 0 0 0 0 0 0 0 0 0 0 0 0 0 0 0
hsa-miR-548x-5p 0 0 0 0 0 0 0 0 0 0 0 0 0 0 0 0 0 0 0 0 0 0 0 0 0 0 0 0 0 0 0 0 0 0 0 0 0 0 0 0 0 0 0 0 0 0 0 0 0 0 0 0 0 0 0 30 0 0 0 0 0 0 0 0 0 0 0 0 0 0 0 0 0 0 0 0 0 0 0 0 0 0 0 0 0 0 0 0 0 0 0 0 0 0 0 0
hsa-miR-6808-3p 0 0 0 0 0 0 0 0 0 0 0 0 0 0 0 0 0 0 0 0 0 0 0 0 0 0 0 0 0 0 0 0 0 0 0 0 0 0 0 0 0 0 0 0 0 0 0 0 0 0 0 0 0 0 0 24 0 0 0 0 0 0 0 0 0 0 0 0 0 0 0 0 0 0 0 0 0 0 0 0 0 0 0 0 0 0 0 0 0 0 0 0 0 0 0 0
hsa-miR-6847-3p 0 0 0 0 0 0 0 0 0 0 0 0 0 0 0 0 0 0 0 0 0 0 0 0 0 0 0 0 0 0 0 0 0 0 0 0 0 0 0 0 0 0 0 0 0 0 0 0 0 0 0 0 0 0 0 2 0 0 0 0 0 0 0 0 0 0 0 0 0 0 0 0 0 0 0 0 0 0 0 0 0 0 0 0 0 36 0 0 0 0 0 0 0 0 0 0
hsa-miR-933 0 0 0 0 0 0 0 0 0 0 0 0 0 0 0 0 0 0 0 0 0 0 0 0 0 0 0 0 0 0 0 0 0 0 0 0 0 0 0 0 0 0 0 0 0 0 0 0 0 0 0 0 0 0 0 32 0 0 0 0 0 0 0 0 0 0 0 0 0 0 0 0 0 0 0 0 0 0 0 0 0 0 0 0 0 0 0 0 0 0 0 52 16 0 0 0
hsa-miR-3145-5p 0 0 0 0 0 0 0 0 0 0 0 0 0 0 0 0 0 0 0 0 0 0 0 0 0 0 0 0 0 0 0 0 0 0 0 0 0 0 0 0 0 0 0 0 0 0 0 0 0 0 0 0 0 0 0 0 8 0 0 0 0 0 0 0 0 0 0 0 0 0 0 0 0 0 0 0 0 0 0 0 0 0 0 0 0 0 0 0 0 0 0 0 0 0 0 0
hsa-miR-3682-3p 0 0 0 0 0 0 0 0 0 0 0 0 0 0 0 0 0 0 0 0 0 0 0 0 0 0 0 0 0 0 0 0 0 0 0 0 0 0 0 0 0 0 0 0 0 0 0 0 0 0 0 0 0 0 0 0 8 0 0 0 14 0 0 0 0 0 0 0 0 0 0 0 0 0 0 0 0 0 0 0 0 0 0 0 0 0 0 0 0 0 0 0 0 0 0 0
hsa-miR-451b 0 0 0 0 0 0 0 0 0 0 0 0 0 0 0 0 0 0 0 0 0 0 0 0 0 0 0 0 0 0 0 0 0 0 0 0 0 0 0 0 0 0 0 0 0 0 0 0 0 0 0 0 0 0 0 0 8 0 0 0 0 0 0 0 0 0 0 0 0 0 0 0 0 0 0 0 0 0 0 0 0 0 0 0 0 0 0 0 0 0 0 0 0 0 0 0
hsa-miR-526b-5p 0 0 0 0 0 0 0 0 0 0 0 0 0 0 0 0 0 0 0 0 0 0 0 0 0 0 0 0 0 0 0 0 0 0 0 0 0 0 0 0 0 0 0 0 0 0 0 0 0 0 0 0 0 0 0 0 6 0 0 0 0 0 0 0 0 0 0 0 0 0 0 0 0 0 0 0 0 0 0 0 0 0 0 0 0 0 0 0 0 0 0 0 0 22 36 0
hsa-miR-548ao-3p 0 0 0 0 0 0 0 0 0 0 0 0 0 0 0 0 0 0 0 0 0 0 0 0 0 0 0 0 0 0 0 0 0 0 0 0 0 0 0 0 0 0 0 0 0 0 0 0 0 0 0 0 0 0 0 0 6 0 0 0 0 0 0 0 0 0 0 0 0 0 0 0 0 0 0 0 0 0 0 0 0 0 0 0 0 0 0 0 0 0 0 0 0 0 0 0
hsa-miR-6742-3p 0 0 0 0 0 0 0 0 0 0 0 0 0 0 0 0 0 0 0 0 0 0 0 0 0 0 0 0 0 0 0 0 0 0 0 0 0 0 0 0 0 0 0 0 0 0 0 0 0 0 0 0 0 0 0 0 8 0 0 0 0 0 0 0 0 0 0 0 0 0 0 0 0 0 0 0 0 0 0 0 0 0 0 0 0 0 0 0 0 0 0 0 0 0 0 0
hsa-miR-6809-5p 0 0 0 0 0 0 0 0 0 0 0 0 0 0 0 0 0 0 0 0 0 0 0 0 0 0 0 0 0 0 0 0 0 0 0 0 0 0 0 0 0 0 0 0 0 0 0 0 0 0 0 0 0 0 0 0 22 0 0 0 0 0 0 0 0 0 0 0 0 0 0 0 0 0 0 0 0 0 0 0 0 0 0 0 0 0 0 0 0 0 0 0 0 0 0 0
hsa-miR-6886-5p 0 0 0 0 0 0 0 0 0 0 0 0 0 0 0 0 0 0 0 0 0 0 0 0 0 0 0 0 0 0 0 0 0 0 0 0 0 0 0 0 0 0 0 0 0 0 0 0 0 0 0 0 0 0 0 0 4 0 0 0 0 0 0 0 0 0 0 2 0 0 0 0 0 0 0 0 0 0 0 0 0 0 0 0 0 0 0 0 0 0 22 0 0 0 0 0
hsa-miR-943 0 0 0 0 0 0 0 0 0 0 0 0 0 0 0 0 0 0 0 0 0 0 0 0 0 0 0 0 0 0 0 0 0 0 0 0 0 0 0 0 0 0 0 0 0 0 0 0 0 0 0 0 0 0 0 0 4 0 0 0 0 0 0 0 0 0 0 0 0 0 0 0 0 0 0 0 0 0 24 0 0 0 0 0 0 0 0 0 0 0 0 0 0 0 0 30
hsa-miR-1273f 0 0 0 0 0 0 0 0 0 0 0 0 0 0 0 0 0 0 0 0 0 0 0 0 0 0 0 0 0 0 0 0 0 0 0 0 0 0 0 0 0 0 0 0 0 0 0 0 0 0 0 0 0 0 0 0 0 0 34 0 0 0 0 0 0 0 0 0 0 0 0 0 0 0 0 0 0 0 0 0 0 0 0 0 0 0 0 0 0 0 0 0 0 0 0 0
hsa-miR-181d-3p 0 0 0 0 0 0 0 0 0 0 0 0 0 0 0 0 0 0 0 0 0 0 0 0 0 0 0 0 0 0 0 0 0 0 0 0 0 0 0 0 0 0 0 0 0 0 0 0 0 0 0 0 0 0 0 0 0 0 72 0 0 0 8 0 0 0 0 0 0 0 0 0 0 0 0 0 0 0 0 0 0 0 0 0 0 0 0 0 0 0 0 0 0 0 0 0
hsa-miR-3692-3p 0 0 0 0 0 0 0 0 0 0 0 0 0 0 0 0 0 0 0 0 0 0 0 0 0 0 0 0 0 0 0 0 0 0 0 0 0 0 0 0 0 0 0 0 0 0 0 0 0 0 0 0 0 0 0 0 0 0 70 0 0 0 0 0 0 0 0 0 0 0 0 0 0 20 0 0 0 0 0 0 0 0 0 0 0 0 0 0 0 0 0 0 0 0 0 0
hsa-miR-3925-5p 0 0 0 0 0 0 0 0 0 0 0 0 0 0 0 0 0 0 0 0 0 0 0 0 0 0 0 0 0 0 0 0 0 0 0 0 0 0 0 0 0 0 0 0 0 0 0 0 0 0 0 0 0 0 0 0 0 0 56 0 0 0 0 0 0 18 0 2 0 0 0 0 0 0 0 0 2 0 0 0 0 0 0 0 0 0 0 0 0 0 0 0 0 0 0 0
hsa-miR-4754 0 0 0 0 0 0 0 0 0 0 0 0 0 0 0 0 0 0 0 0 0 0 0 0 0 0 0 0 0 0 0 0 0 0 0 0 0 0 0 0 0 0 0 0 0 0 0 0 0 0 0 0 0 0 0 0 0 0 24 0 0 0 0 0 0 0 0 0 0 0 0 0 0 0 0 0 0 0 0 0 0 0 0 0 0 0 0 0 0 0 0 0 0 0 0 0
hsa-miR-5694 0 0 0 0 0 0 0 0 0 0 0 0 0 0 0 0 0 0 0 0 0 0 0 0 0 0 0 0 0 0 0 0 0 0 0 0 0 0 0 0 0 0 0 0 0 0 0 0 0 0 0 0 0 0 0 0 0 0 62 0 0 0 0 0 0 0 0 0 0 0 0 0 0 0 0 0 0 0 0 0 14 0 0 0 0 0 0 0 0 0 0 0 0 0 0 0
hsa-miR-6740-3p 0 0 0 0 0 0 0 0 0 0 0 0 0 0 0 0 0 0 0 0 0 0 0 0 0 0 0 0 0 0 0 0 0 0 0 0 0 0 0 0 0 0 0 0 0 0 0 0 0 0 0 0 0 0 0 0 0 0 40 0 6 0 0 0 0 0 0 0 0 0 0 0 0 0 0 0 0 0 16 0 0 0 0 0 0 0 2 0 0 0 0 0 0 0 0 0
hsa-miR-15a-3p 0 0 0 0 0 0 0 0 0 0 0 0 0 0 0 0 0 0 0 0 0 0 0 0 0 0 0 0 0 0 0 0 0 0 0 0 0 0 0 0 0 0 0 0 0 0 0 0 0 0 0 0 0 0 0 0 0 0 0 0 40 0 0 0 2 0 0 0 0 0 0 18 0 0 0 0 0 0 0 0 0 0 0 14 136 0 44 0 0 0 2 24 104 0 67 0
hsa-miR-2116-5p 0 0 0 0 0 0 0 0 0 0 0 0 0 0 0 0 0 0 0 0 0 0 0 0 0 0 0 0 0 0 0 0 0 0 0 0 0 0 0 0 0 0 0 0 0 0 0 0 0 0 0 0 0 0 0 0 0 0 0 0 68 0 0 0 0 0 0 0 0 0 0 0 0 20 0 0 0 0 0 0 0 0 0 0 0 0 0 0 0 0 0 0 0 0 0 0
hsa-miR-2276-3p 0 0 0 0 0 0 0 0 0 0 0 0 0 0 0 0 0 0 0 0 0 0 0 0 0 0 0 0 0 0 0 0 0 0 0 0 0 0 0 0 0 0 0 0 0 0 0 0 0 0 0 0 0 0 0 0 0 0 0 0 16 0 0 0 0 0 0 0 0 0 0 0 0 0 0 0 0 0 0 0 0 0 0 0 0 0 0 0 0 0 0 0 0 0 0 0
hsa-miR-3618 0 0 0 0 0 0 0 0 0 0 0 0 0 0 0 0 0 0 0 0 0 0 0 0 0 0 0 0 0 0 0 0 0 0 0 0 0 0 0 0 0 0 0 0 0 0 0 0 0 0 0 0 0 0 0 0 0 0 0 0 20 0 0 0 0 0 0 0 0 0 0 0 0 0 0 0 0 0 0 0 0 0 0 0 0 0 8 0 0 0 16 0 52 16 0 0
hsa-miR-3942-3p 0 0 0 0 0 0 0 0 0 0 0 0 0 0 0 0 0 0 0 0 0 0 0 0 0 0 0 0 0 0 0 0 0 0 0 0 0 0 0 0 0 0 0 0 0 0 0 0 0 0 0 0 0 0 0 0 0 0 0 0 8 0 0 0 0 0 0 0 0 30 0 0 0 0 0 0 0 0 0 0 0 0 0 0 0 0 0 0 0 0 106 0 40 0 0 0
hsa-miR-4530 0 0 0 0 0 0 0 0 0 0 0 0 0 0 0 0 0 0 0 0 0 0 0 0 0 0 0 0 0 0 0 0 0 0 0 0 0 0 0 0 0 0 0 0 0 0 0 0 0 0 0 0 0 0 0 0 0 0 0 0 10 0 0 0 0 0 0 0 0 0 0 0 0 0 0 0 0 0 0 0 0 0 0 0 0 0 0 0 0 0 0 0 0 0 0 0
hsa-miR-4706 0 0 0 0 0 0 0 0 0 0 0 0 0 0 0 0 0 0 0 0 0 0 0 0 0 0 0 0 0 0 0 0 0 0 0 0 0 0 0 0 0 0 0 0 0 0 0 0 0 0 0 0 0 0 0 0 0 0 0 0 62 0 0 0 0 0 0 0 0 0 0 0 0 0 0 0 0 0 0 0 0 0 0 0 0 0 0 0 0 0 0 0 0 0 0 0
hsa-miR-4724-3p 0 0 0 0 0 0 0 0 0 0 0 0 0 0 0 0 0 0 0 0 0 0 0 0 0 0 0 0 0 0 0 0 0 0 0 0 0 0 0 0 0 0 0 0 0 0 0 0 0 0 0 0 0 0 0 0 0 0 0 0 8 0 0 0 0 0 0 0 0 0 0 0 0 0 0 0 0 0 0 0 0 0 0 0 0 0 0 0 0 0 0 0 0 0 0 0
hsa-miR-4797-5p 0 0 0 0 0 0 0 0 0 0 0 0 0 0 0 0 0 0 0 0 0 0 0 0 0 0 0 0 0 0 0 0 0 0 0 0 0 0 0 0 0 0 0 0 0 0 0 0 0 0 0 0 0 0 0 0 0 0 0 0 4 0 0 0 0 0 0 0 0 0 0 0 0 0 0 0 0 0 0 0 0 0 0 0 0 0 0 0 0 0 0 0 0 0 0 0
hsa-miR-5006-5p 0 0 0 0 0 0 0 0 0 0 0 0 0 0 0 0 0 0 0 0 0 0 0 0 0 0 0 0 0 0 0 0 0 0 0 0 0 0 0 0 0 0 0 0 0 0 0 0 0 0 0 0 0 0 0 0 0 0 0 0 8 0 0 0 0 0 0 0 0 0 0 0 0 0 0 0 0 0 0 0 0 0 0 0 0 0 0 0 0 0 0 0 0 0 0 0
hsa-miR-5194 0 0 0 0 0 0 0 0 0 0 0 0 0 0 0 0 0 0 0 0 0 0 0 0 0 0 0 0 0 0 0 0 0 0 0 0 0 0 0 0 0 0 0 0 0 0 0 0 0 0 0 0 0 0 0 0 0 0 0 0 36 0 0 0 0 0 0 0 0 0 0 0 0 0 0 0 0 0 0 0 0 0 0 0 0 0 0 0 0 0 0 0 0 0 0 0
hsa-miR-6732-3p 0 0 0 0 0 0 0 0 0 0 0 0 0 0 0 0 0 0 0 0 0 0 0 0 0 0 0 0 0 0 0 0 0 0 0 0 0 0 0 0 0 0 0 0 0 0 0 0 0 0 0 0 0 0 0 0 0 0 0 0 4 0 0 0 0 0 0 0 0 0 0 0 0 2 0 0 0 0 0 0 0 0 0 0 0 0 0 0 0 0 0 0 30 0 0 0
hsa-miR-6750-3p 0 0 0 0 0 0 0 0 0 0 0 0 0 0 0 0 0 0 0 0 0 0 0 0 0 0 0 0 0 0 0 0 0 0 0 0 0 0 0 0 0 0 0 0 0 0 0 0 0 0 0 0 0 0 0 0 0 0 0 0 44 0 0 0 0 0 0 0 0 0 0 0 0 0 0 0 0 0 0 0 0 0 0 0 0 0 0 0 0 0 0 58 0 0 0 0
hsa-miR-6752-3p 0 0 0 0 0 0 0 0 0 0 0 0 0 0 0 0 0 0 0 0 0 0 0 0 0 0 0 0 0 0 0 0 0 0 0 0 0 0 0 0 0 0 0 0 0 0 0 0 0 0 0 0 0 0 0 0 0 0 0 0 2 0 0 0 0 0 0 0 0 0 0 0 0 0 0 0 0 0 26 0 0 0 0 0 0 0 0 0 0 0 0 0 0 0 0 0
hsa-miR-6777-3p 0 0 0 0 0 0 0 0 0 0 0 0 0 0 0 0 0 0 0 0 0 0 0 0 0 0 0 0 0 0 0 0 0 0 0 0 0 0 0 0 0 0 0 0 0 0 0 0 0 0 0 0 0 0 0 0 0 0 0 0 2 0 0 0 0 0 0 0 0 0 0 0 0 0 0 0 0 0 0 0 0 0 0 0 0 0 0 0 0 0 0 0 0 0 0 0
hsa-miR-6785-3p 0 0 0 0 0 0 0 0 0 0 0 0 0 0 0 0 0 0 0 0 0 0 0 0 0 0 0 0 0 0 0 0 0 0 0 0 0 0 0 0 0 0 0 0 0 0 0 0 0 0 0 0 0 0 0 0 0 0 0 0 0 0 58 0 0 0 0 0 0 0 0 0 0 0 0 0 0 0 0 0 0 0 0 0 0 0 0 0 0 0 0 2 0 0 0 0
hsa-miR-1233-5p 0 0 0 0 0 0 0 0 0 0 0 0 0 0 0 0 0 0 0 0 0 0 0 0 0 0 0 0 0 0 0 0 0 0 0 0 0 0 0 0 0 0 0 0 0 0 0 0 0 0 0 0 0 0 0 0 0 0 0 0 0 0 0 0 24 0 0 0 0 0 0 0 0 14 0 0 0 0 0 0 0 0 0 0 0 0 0 0 0 0 0 0 0 0 0 0
hsa-miR-1297 0 0 0 0 0 0 0 0 0 0 0 0 0 0 0 0 0 0 0 0 0 0 0 0 0 0 0 0 0 0 0 0 0 0 0 0 0 0 0 0 0 0 0 0 0 0 0 0 0 0 0 0 0 0 0 0 0 0 0 0 0 0 0 0 8 0 0 0 0 0 0 0 0 0 0 0 0 0 0 0 0 0 0 0 0 0 0 0 0 0 26 0 0 0 0 0
hsa-miR-3160-3p 0 0 0 0 0 0 0 0 0 0 0 0 0 0 0 0 0 0 0 0 0 0 0 0 0 0 0 0 0 0 0 0 0 0 0 0 0 0 0 0 0 0 0 0 0 0 0 0 0 0 0 0 0 0 0 0 0 0 0 0 0 0 0 0 2 0 0 0 0 0 0 0 0 0 0 0 0 0 0 0 0 0 0 0 0 0 0 0 0 0 0 0 12 0 0 0
hsa-miR-3175 0 0 0 0 0 0 0 0 0 0 0 0 0 0 0 0 0 0 0 0 0 0 0 0 0 0 0 0 0 0 0 0 0 0 0 0 0 0 0 0 0 0 0 0 0 0 0 0 0 0 0 0 0 0 0 0 0 0 0 0 0 0 0 0 2 0 0 0 0 0 0 0 0 0 0 0 0 0 0 0 0 0 0 0 0 0 0 0 0 0 32 0 0 0 0 0
hsa-miR-4253 0 0 0 0 0 0 0 0 0 0 0 0 0 0 0 0 0 0 0 0 0 0 0 0 0 0 0 0 0 0 0 0 0 0 0 0 0 0 0 0 0 0 0 0 0 0 0 0 0 0 0 0 0 0 0 0 0 0 0 0 0 0 0 0 2 0 0 0 0 0 0 0 0 0 0 0 0 0 0 0 0 0 0 0 0 0 0 0 0 0 0 0 0 0 0 0
hsa-miR-548aq-3p 0 0 0 0 0 0 0 0 0 0 0 0 0 0 0 0 0 0 0 0 0 0 0 0 0 0 0 0 0 0 0 0 0 0 0 0 0 0 0 0 0 0 0 0 0 0 0 0 0 0 0 0 0 0 0 0 0 0 0 0 0 0 0 0 26 0 0 0 0 0 0 0 0 0 0 0 0 0 0 0 0 0 0 0 0 0 0 0 0 0 0 0 0 0 0 0
hsa-miR-555 0 0 0 0 0 0 0 0 0 0 0 0 0 0 0 0 0 0 0 0 0 0 0 0 0 0 0 0 0 0 0 0 0 0 0 0 0 0 0 0 0 0 0 0 0 0 0 0 0 0 0 0 0 0 0 0 0 0 0 0 0 0 0 0 26 0 0 0 0 0 0 0 0 0 0 0 0 0 0 0 0 0 0 0 0 0 0 0 0 0 0 0 8 0 0 0
hsa-miR-6797-5p 0 0 0 0 0 0 0 0 0 0 0 0 0 0 0 0 0 0 0 0 0 0 0 0 0 0 0 0 0 0 0 0 0 0 0 0 0 0 0 0 0 0 0 0 0 0 0 0 0 0 0 0 0 0 0 0 0 0 0 0 0 0 0 0 6 0 0 0 0 0 0 0 0 0 0 0 34 0 0 0 0 0 0 0 0 0 0 0 0 0 0 0 0 0 0 0
hsa-miR-6835-5p 0 0 0 0 0 0 0 0 0 0 0 0 0 0 0 0 0 0 0 0 0 0 0 0 0 0 0 0 0 0 0 0 0 0 0 0 0 0 0 0 0 0 0 0 0 0 0 0 0 0 0 0 0 0 0 0 0 0 0 0 0 0 0 0 2 0 0 0 0 0 0 0 0 0 0 0 0 0 0 0 0 0 0 0 0 0 0 0 0 0 0 0 0 0 3 29
hsa-miR-7109-5p 0 0 0 0 0 0 0 0 0 0 0 0 0 0 0 0 0 0 0 0 0 0 0 0 0 0 0 0 0 0 0 0 0 0 0 0 0 0 0 0 0 0 0 0 0 0 0 0 0 0 0 0 0 0 0 0 0 0 0 0 0 0 0 0 2 0 0 0 0 0 0 0 0 0 0 0 0 0 0 0 0 0 0 0 0 0 0 0 0 0 18 0 0 10 0 33
hsa-miR-761 0 0 0 0 0 0 0 0 0 0 0 0 0 0 0 0 0 0 0 0 0 0 0 0 0 0 0 0 0 0 0 0 0 0 0 0 0 0 0 0 0 0 0 0 0 0 0 0 0 0 0 0 0 0 0 0 0 0 0 0 0 0 0 0 50 0 0 0 0 0 0 0 0 0 0 0 0 0 0 0 0 0 0 0 0 0 0 0 0 0 0 0 0 0 0 0
hsa-miR-3160-5p 0 0 0 0 0 0 0 0 0 0 0 0 0 0 0 0 0 0 0 0 0 0 0 0 0 0 0 0 0 0 0 0 0 0 0 0 0 0 0 0 0 0 0 0 0 0 0 0 0 0 0 0 0 0 0 0 0 0 0 0 0 0 0 0 0 14 0 0 0 0 0 0 0 0 0 0 0 0 0 0 0 0 0 0 0 0 0 0 0 0 0 0 0 0 0 0
hsa-miR-466 0 0 0 0 0 0 0 0 0 0 0 0 0 0 0 0 0 0 0 0 0 0 0 0 0 0 0 0 0 0 0 0 0 0 0 0 0 0 0 0 0 0 0 0 0 0 0 0 0 0 0 0 0 0 0 0 0 0 0 0 0 0 0 0 0 56 0 0 0 0 0 0 0 0 18 0 0 0 0 0 0 0 0 0 0 0 0 0 0 0 0 0 0 0 0 0
hsa-miR-4673 0 0 0 0 0 0 0 0 0 0 0 0 0 0 0 0 0 0 0 0 0 0 0 0 0 0 0 0 0 0 0 0 0 0 0 0 0 0 0 0 0 0 0 0 0 0 0 0 0 0 0 0 0 0 0 0 0 0 0 0 0 0 0 0 0 2 0 0 0 0 0 0 0 0 0 0 0 0 0 0 0 0 0 0 0 0 0 0 0 0 0 0 0 0 0 0
hsa-miR-4747-3p 0 0 0 0 0 0 0 0 0 0 0 0 0 0 0 0 0 0 0 0 0 0 0 0 0 0 0 0 0 0 0 0 0 0 0 0 0 0 0 0 0 0 0 0 0 0 0 0 0 0 0 0 0 0 0 0 0 0 0 0 0 0 0 0 0 2 0 0 0 0 0 0 0 0 0 0 0 0 0 0 0 0 0 0 0 0 0 0 0 0 0 0 0 0 0 0
hsa-miR-548av-5p 0 0 0 0 0 0 0 0 0 0 0 0 0 0 0 0 0 0 0 0 0 0 0 0 0 0 0 0 0 0 0 0 0 0 0 0 0 0 0 0 0 0 0 0 0 0 0 0 0 0 0 0 0 0 0 0 0 0 0 0 0 0 0 0 0 2 0 0 0 0 0 0 0 0 0 0 0 0 0 0 0 0 0 0 0 0 0 0 0 0 0 0 0 0 0 0
hsa-miR-6738-5p 0 0 0 0 0 0 0 0 0 0 0 0 0 0 0 0 0 0 0 0 0 0 0 0 0 0 0 0 0 0 0 0 0 0 0 0 0 0 0 0 0 0 0 0 0 0 0 0 0 0 0 0 0 0 0 0 0 0 0 0 0 0 0 0 0 2 0 0 0 0 0 0 0 0 0 0 0 0 0 0 0 0 0 0 0 0 0 0 0 0 0 0 0 0 0 0
hsa-miR-6801-3p 0 0 0 0 0 0 0 0 0 0 0 0 0 0 0 0 0 0 0 0 0 0 0 0 0 0 0 0 0 0 0 0 0 0 0 0 0 0 0 0 0 0 0 0 0 0 0 0 0 0 0 0 0 0 0 0 0 0 0 0 0 0 0 0 0 20 0 0 0 0 0 0 0 0 0 0 0 0 0 0 0 0 0 0 0 0 0 0 0 0 0 0 0 0 0 0
hsa-miR-6771-5p 0 0 0 0 0 0 0 0 0 0 0 0 0 0 0 0 0 0 0 0 0 0 0 0 0 0 0 0 0 0 0 0 0 0 0 0 0 0 0 0 0 0 0 0 0 0 0 0 0 0 0 0 0 0 0 0 0 0 0 0 0 0 0 0 0 0 68 0 0 0 0 0 0 0 0 0 0 0 0 0 0 0 0 0 0 0 0 0 0 0 0 0 0 0 0 0
hsa-miR-196b-3p 0 0 0 0 0 0 0 0 0 0 0 0 0 0 0 0 0 0 0 0 0 0 0 0 0 0 0 0 0 0 0 0 0 0 0 0 0 0 0 0 0 0 0 0 0 0 0 0 0 0 0 0 0 0 0 0 0 0 0 0 0 0 0 0 0 0 0 78 0 0 0 0 0 0 0 0 0 0 0 0 0 0 0 0 0 0 0 0 0 0 0 0 0 0 0 0
hsa-miR-4323 0 0 0 0 0 0 0 0 0 0 0 0 0 0 0 0 0 0 0 0 0 0 0 0 0 0 0 0 0 0 0 0 0 0 0 0 0 0 0 0 0 0 0 0 0 0 0 0 0 0 0 0 0 0 0 0 0 0 0 0 0 0 0 0 0 0 0 0 30 0 0 0 0 0 0 0 0 0 0 0 0 0 0 0 0 0 0 32 0 0 0 0 0 0 0 0
hsa-miR-6772-3p 0 0 0 0 0 0 0 0 0 0 0 0 0 0 0 0 0 0 0 0 0 0 0 0 0 0 0 0 0 0 0 0 0 0 0 0 0 0 0 0 0 0 0 0 0 0 0 0 0 0 0 0 0 0 0 0 0 0 0 0 0 0 0 0 0 0 0 0 28 0 0 0 0 0 0 0 0 0 0 0 0 18 0 0 0 0 0 0 0 0 0 0 0 0 0 0
hsa-miR-5003-3p 0 0 0 0 0 0 0 0 0 0 0 0 0 0 0 0 0 0 0 0 0 0 0 0 0 0 0 0 0 0 0 0 0 0 0 0 0 0 0 0 0 0 0 0 0 0 0 0 0 0 0 0 0 0 0 0 0 0 0 0 0 0 0 0 0 0 0 0 0 28 0 0 0 0 0 0 0 0 0 0 0 0 0 0 0 0 0 0 0 0 0 0 0 0 0 0
hsa-miR-549a 0 0 0 0 0 0 0 0 0 0 0 0 0 0 0 0 0 0 0 0 0 0 0 0 0 0 0 0 0 0 0 0 0 0 0 0 0 0 0 0 0 0 0 0 0 0 0 0 0 0 0 0 0 0 0 0 0 0 0 0 0 0 0 0 0 0 0 0 0 20 0 0 0 0 0 0 0 0 0 0 0 0 0 0 0 0 0 0 0 0 0 0 0 0 0 0
hsa-miR-659-3p 0 0 0 0 0 0 0 0 0 0 0 0 0 0 0 0 0 0 0 0 0 0 0 0 0 0 0 0 0 0 0 0 0 0 0 0 0 0 0 0 0 0 0 0 0 0 0 0 0 0 0 0 0 0 0 0 0 0 0 0 0 0 0 0 0 0 0 0 0 26 0 0 0 0 0 0 0 0 0 0 0 0 0 0 0 0 0 0 0 0 0 0 0 0 0 0
hsa-miR-6774-5p 0 0 0 0 0 0 0 0 0 0 0 0 0 0 0 0 0 0 0 0 0 0 0 0 0 0 0 0 0 0 0 0 0 0 0 0 0 0 0 0 0 0 0 0 0 0 0 0 0 0 0 0 0 0 0 0 0 0 0 0 0 0 0 0 0 0 0 0 0 0 0 38 0 0 0 0 0 0 0 0 2 0 0 0 0 0 0 0 0 0 86 0 0 0 0 0
hsa-miR-4328 0 0 0 0 0 0 0 0 0 0 0 0 0 0 0 0 0 0 0 0 0 0 0 0 0 0 0 0 0 0 0 0 0 0 0 0 0 0 0 0 0 0 0 0 0 0 0 0 0 0 0 0 0 0 0 0 0 0 0 0 0 0 0 0 0 0 0 0 0 0 0 0 22 0 0 0 0 0 0 0 0 0 0 0 0 0 0 0 0 0 0 0 0 0 0 0
hsa-miR-133a-5p 0 0 0 0 0 0 0 0 0 0 0 0 0 0 0 0 0 0 0 0 0 0 0 0 0 0 0 0 0 0 0 0 0 0 0 0 0 0 0 0 0 0 0 0 0 0 0 0 0 0 0 0 0 0 0 0 0 0 0 0 0 0 0 0 0 0 0 0 0 0 0 0 0 118 40 0 0 0 0 0 0 0 0 0 0 0 0 0 0 0 0 0 0 0 0 0
hsa-miR-203a-5p 0 0 0 0 0 0 0 0 0 0 0 0 0 0 0 0 0 0 0 0 0 0 0 0 0 0 0 0 0 0 0 0 0 0 0 0 0 0 0 0 0 0 0 0 0 0 0 0 0 0 0 0 0 0 0 0 0 0 0 0 0 0 0 0 0 0 0 0 0 0 0 0 0 46 0 0 0 0 0 0 0 0 0 0 0 0 0 0 0 0 0 0 0 0 0 0
hsa-miR-3692-5p 0 0 0 0 0 0 0 0 0 0 0 0 0 0 0 0 0 0 0 0 0 0 0 0 0 0 0 0 0 0 0 0 0 0 0 0 0 0 0 0 0 0 0 0 0 0 0 0 0 0 0 0 0 0 0 0 0 0 0 0 0 0 0 0 0 0 0 0 0 0 0 0 0 12 0 0 0 0 0 0 0 0 0 0 0 0 0 0 0 0 0 0 0 0 0 0
hsa-miR-548ac 0 0 0 0 0 0 0 0 0 0 0 0 0 0 0 0 0 0 0 0 0 0 0 0 0 0 0 0 0 0 0 0 0 0 0 0 0 0 0 0 0 0 0 0 0 0 0 0 0 0 0 0 0 0 0 0 0 0 0 0 0 0 0 0 0 0 0 0 0 0 0 0 0 44 0 0 0 0 0 0 0 0 0 0 0 0 0 0 0 0 0 0 0 0 0 0
hsa-miR-6886-3p 0 0 0 0 0 0 0 0 0 0 0 0 0 0 0 0 0 0 0 0 0 0 0 0 0 0 0 0 0 0 0 0 0 0 0 0 0 0 0 0 0 0 0 0 0 0 0 0 0 0 0 0 0 0 0 0 0 0 0 0 0 0 0 0 0 0 0 0 0 0 0 0 0 2 26 0 0 0 0 0 0 0 0 0 0 0 0 0 0 0 48 0 74 0 0 0
hsa-miR-548i 0 0 0 0 0 0 0 0 0 0 0 0 0 0 0 0 0 0 0 0 0 0 0 0 0 0 0 0 0 0 0 0 0 0 0 0 0 0 0 0 0 0 0 0 0 0 0 0 0 0 0 0 0 0 0 0 0 0 0 0 0 0 0 0 0 0 0 0 0 0 0 0 0 0 28 0 0 0 0 0 0 0 0 0 0 0 0 0 0 0 14 54 22 0 0 0
hsa-miR-6502-3p 0 0 0 0 0 0 0 0 0 0 0 0 0 0 0 0 0 0 0 0 0 0 0 0 0 0 0 0 0 0 0 0 0 0 0 0 0 0 0 0 0 0 0 0 0 0 0 0 0 0 0 0 0 0 0 0 0 0 0 0 0 0 0 0 0 0 0 0 0 0 0 0 0 0 38 0 0 0 0 0 0 0 0 0 0 0 0 0 0 0 0 0 0 0 0 0
hsa-miR-6824-5p 0 0 0 0 0 0 0 0 0 0 0 0 0 0 0 0 0 0 0 0 0 0 0 0 0 0 0 0 0 0 0 0 0 0 0 0 0 0 0 0 0 0 0 0 0 0 0 0 0 0 0 0 0 0 0 0 0 0 0 0 0 0 0 0 0 0 0 0 0 0 0 0 0 0 10 0 0 0 0 0 0 0 0 0 0 0 0 0 0 0 0 0 0 0 0 0
hsa-miR-7152-3p 0 0 0 0 0 0 0 0 0 0 0 0 0 0 0 0 0 0 0 0 0 0 0 0 0 0 0 0 0 0 0 0 0 0 0 0 0 0 0 0 0 0 0 0 0 0 0 0 0 0 0 0 0 0 0 0 0 0 0 0 0 0 0 0 0 0 0 0 0 0 0 0 0 0 0 14 0 0 0 0 0 0 0 0 0 0 0 0 0 0 0 0 0 0 0 0
hsa-miR-548b-5p 0 0 0 0 0 0 0 0 0 0 0 0 0 0 0 0 0 0 0 0 0 0 0 0 0 0 0 0 0 0 0 0 0 0 0 0 0 0 0 0 0 0 0 0 0 0 0 0 0 0 0 0 0 0 0 0 0 0 0 0 0 0 0 0 0 0 0 0 0 0 0 0 0 0 0 0 0 2 0 0 0 0 0 0 0 0 2 0 0 0 0 0 324 0 123 0
hsa-miR-5706 0 0 0 0 0 0 0 0 0 0 0 0 0 0 0 0 0 0 0 0 0 0 0 0 0 0 0 0 0 0 0 0 0 0 0 0 0 0 0 0 0 0 0 0 0 0 0 0 0 0 0 0 0 0 0 0 0 0 0 0 0 0 0 0 0 0 0 0 0 0 0 0 0 0 0 0 0 36 0 0 0 0 0 0 0 0 0 0 0 0 0 0 0 4 0 0
hsa-miR-6746-3p 0 0 0 0 0 0 0 0 0 0 0 0 0 0 0 0 0 0 0 0 0 0 0 0 0 0 0 0 0 0 0 0 0 0 0 0 0 0 0 0 0 0 0 0 0 0 0 0 0 0 0 0 0 0 0 0 0 0 0 0 0 0 0 0 0 0 0 0 0 0 0 0 0 0 0 0 0 0 2 0 0 0 0 0 0 0 0 0 0 0 0 0 0 0 0 0
hsa-miR-4315 0 0 0 0 0 0 0 0 0 0 0 0 0 0 0 0 0 0 0 0 0 0 0 0 0 0 0 0 0 0 0 0 0 0 0 0 0 0 0 0 0 0 0 0 0 0 0 0 0 0 0 0 0 0 0 0 0 0 0 0 0 0 0 0 0 0 0 0 0 0 0 0 0 0 0 0 0 0 0 146 0 0 0 0 0 0 0 0 0 0 0 0 0 0 0 0
hsa-miR-3124-3p 0 0 0 0 0 0 0 0 0 0 0 0 0 0 0 0 0 0 0 0 0 0 0 0 0 0 0 0 0 0 0 0 0 0 0 0 0 0 0 0 0 0 0 0 0 0 0 0 0 0 0 0 0 0 0 0 0 0 0 0 0 0 0 0 0 0 0 0 0 0 0 0 0 0 0 0 0 0 0 0 8 0 0 0 0 0 0 0 0 0 0 0 0 0 0 0
hsa-miR-3183 0 0 0 0 0 0 0 0 0 0 0 0 0 0 0 0 0 0 0 0 0 0 0 0 0 0 0 0 0 0 0 0 0 0 0 0 0 0 0 0 0 0 0 0 0 0 0 0 0 0 0 0 0 0 0 0 0 0 0 0 0 0 0 0 0 0 0 0 0 0 0 0 0 0 0 0 0 0 0 0 0 8 0 0 0 0 0 0 0 0 0 0 0 0 0 0
hsa-miR-3677-5p 0 0 0 0 0 0 0 0 0 0 0 0 0 0 0 0 0 0 0 0 0 0 0 0 0 0 0 0 0 0 0 0 0 0 0 0 0 0 0 0 0 0 0 0 0 0 0 0 0 0 0 0 0 0 0 0 0 0 0 0 0 0 0 0 0 0 0 0 0 0 0 0 0 0 0 0 0 0 0 0 0 4 0 0 0 0 0 0 0 0 0 0 0 0 0 0
hsa-miR-548ad-3p 0 0 0 0 0 0 0 0 0 0 0 0 0 0 0 0 0 0 0 0 0 0 0 0 0 0 0 0 0 0 0 0 0 0 0 0 0 0 0 0 0 0 0 0 0 0 0 0 0 0 0 0 0 0 0 0 0 0 0 0 0 0 0 0 0 0 0 0 0 0 0 0 0 0 0 0 0 0 0 0 0 32 0 0 0 0 0 0 0 0 0 0 0 0 0 0
hsa-miR-5698 0 0 0 0 0 0 0 0 0 0 0 0 0 0 0 0 0 0 0 0 0 0 0 0 0 0 0 0 0 0 0 0 0 0 0 0 0 0 0 0 0 0 0 0 0 0 0 0 0 0 0 0 0 0 0 0 0 0 0 0 0 0 0 0 0 0 0 0 0 0 0 0 0 0 0 0 0 0 0 0 0 24 0 0 0 0 0 0 0 0 0 0 0 0 0 0
hsa-miR-1909-3p 0 0 0 0 0 0 0 0 0 0 0 0 0 0 0 0 0 0 0 0 0 0 0 0 0 0 0 0 0 0 0 0 0 0 0 0 0 0 0 0 0 0 0 0 0 0 0 0 0 0 0 0 0 0 0 0 0 0 0 0 0 0 0 0 0 0 0 0 0 0 0 0 0 0 0 0 0 0 0 0 0 0 32 0 0 0 0 0 0 0 0 0 68 0 0 0
hsa-miR-6843-3p 0 0 0 0 0 0 0 0 0 0 0 0 0 0 0 0 0 0 0 0 0 0 0 0 0 0 0 0 0 0 0 0 0 0 0 0 0 0 0 0 0 0 0 0 0 0 0 0 0 0 0 0 0 0 0 0 0 0 0 0 0 0 0 0 0 0 0 0 0 0 0 0 0 0 0 0 0 0 0 0 0 0 56 0 0 0 0 0 0 0 0 0 0 0 0 0
hsa-miR-6769b-5p 0 0 0 0 0 0 0 0 0 0 0 0 0 0 0 0 0 0 0 0 0 0 0 0 0 0 0 0 0 0 0 0 0 0 0 0 0 0 0 0 0 0 0 0 0 0 0 0 0 0 0 0 0 0 0 0 0 0 0 0 0 0 0 0 0 0 0 0 0 0 0 0 0 0 0 0 0 0 0 0 0 0 0 8 0 0 0 0 0 0 0 0 0 0 0 0
hsa-miR-6792-5p 0 0 0 0 0 0 0 0 0 0 0 0 0 0 0 0 0 0 0 0 0 0 0 0 0 0 0 0 0 0 0 0 0 0 0 0 0 0 0 0 0 0 0 0 0 0 0 0 0 0 0 0 0 0 0 0 0 0 0 0 0 0 0 0 0 0 0 0 0 0 0 0 0 0 0 0 0 0 0 0 0 0 0 28 0 0 0 0 0 0 0 0 0 0 0 0
hsa-miR-4650-5p 0 0 0 0 0 0 0 0 0 0 0 0 0 0 0 0 0 0 0 0 0 0 0 0 0 0 0 0 0 0 0 0 0 0 0 0 0 0 0 0 0 0 0 0 0 0 0 0 0 0 0 0 0 0 0 0 0 0 0 0 0 0 0 0 0 0 0 0 0 0 0 0 0 0 0 0 0 0 0 0 0 0 0 0 2 0 0 0 0 0 0 0 0 0 0 0
hsa-miR-554 0 0 0 0 0 0 0 0 0 0 0 0 0 0 0 0 0 0 0 0 0 0 0 0 0 0 0 0 0 0 0 0 0 0 0 0 0 0 0 0 0 0 0 0 0 0 0 0 0 0 0 0 0 0 0 0 0 0 0 0 0 0 0 0 0 0 0 0 0 0 0 0 0 0 0 0 0 0 0 0 0 0 0 0 12 0 0 0 0 0 0 0 0 0 0 0
hsa-miR-5089-3p 0 0 0 0 0 0 0 0 0 0 0 0 0 0 0 0 0 0 0 0 0 0 0 0 0 0 0 0 0 0 0 0 0 0 0 0 0 0 0 0 0 0 0 0 0 0 0 0 0 0 0 0 0 0 0 0 0 0 0 0 0 0 0 0 0 0 0 0 0 0 0 0 0 0 0 0 0 0 0 0 0 0 0 0 0 50 0 0 0 0 0 0 0 0 0 0
hsa-miR-1199-5p 0 0 0 0 0 0 0 0 0 0 0 0 0 0 0 0 0 0 0 0 0 0 0 0 0 0 0 0 0 0 0 0 0 0 0 0 0 0 0 0 0 0 0 0 0 0 0 0 0 0 0 0 0 0 0 0 0 0 0 0 0 0 0 0 0 0 0 0 0 0 0 0 0 0 0 0 0 0 0 0 0 0 0 0 0 0 14 0 0 0 0 0 0 0 0 0
hsa-miR-3936 0 0 0 0 0 0 0 0 0 0 0 0 0 0 0 0 0 0 0 0 0 0 0 0 0 0 0 0 0 0 0 0 0 0 0 0 0 0 0 0 0 0 0 0 0 0 0 0 0 0 0 0 0 0 0 0 0 0 0 0 0 0 0 0 0 0 0 0 0 0 0 0 0 0 0 0 0 0 0 0 0 0 0 0 0 0 22 0 0 0 0 0 0 0 0 0
hsa-miR-4468 0 0 0 0 0 0 0 0 0 0 0 0 0 0 0 0 0 0 0 0 0 0 0 0 0 0 0 0 0 0 0 0 0 0 0 0 0 0 0 0 0 0 0 0 0 0 0 0 0 0 0 0 0 0 0 0 0 0 0 0 0 0 0 0 0 0 0 0 0 0 0 0 0 0 0 0 0 0 0 0 0 0 0 0 0 0 8 0 0 0 0 0 0 0 0 0
hsa-miR-4478 0 0 0 0 0 0 0 0 0 0 0 0 0 0 0 0 0 0 0 0 0 0 0 0 0 0 0 0 0 0 0 0 0 0 0 0 0 0 0 0 0 0 0 0 0 0 0 0 0 0 0 0 0 0 0 0 0 0 0 0 0 0 0 0 0 0 0 0 0 0 0 0 0 0 0 0 0 0 0 0 0 0 0 0 0 0 18 0 0 0 0 0 0 0 0 0
hsa-miR-4652-5p 0 0 0 0 0 0 0 0 0 0 0 0 0 0 0 0 0 0 0 0 0 0 0 0 0 0 0 0 0 0 0 0 0 0 0 0 0 0 0 0 0 0 0 0 0 0 0 0 0 0 0 0 0 0 0 0 0 0 0 0 0 0 0 0 0 0 0 0 0 0 0 0 0 0 0 0 0 0 0 0 0 0 0 0 0 0 2 0 0 0 0 318 316 94 0 0
hsa-miR-4700-3p 0 0 0 0 0 0 0 0 0 0 0 0 0 0 0 0 0 0 0 0 0 0 0 0 0 0 0 0 0 0 0 0 0 0 0 0 0 0 0 0 0 0 0 0 0 0 0 0 0 0 0 0 0 0 0 0 0 0 0 0 0 0 0 0 0 0 0 0 0 0 0 0 0 0 0 0 0 0 0 0 0 0 0 0 0 0 22 0 0 0 0 0 0 0 0 0
hsa-miR-4800-3p 0 0 0 0 0 0 0 0 0 0 0 0 0 0 0 0 0 0 0 0 0 0 0 0 0 0 0 0 0 0 0 0 0 0 0 0 0 0 0 0 0 0 0 0 0 0 0 0 0 0 0 0 0 0 0 0 0 0 0 0 0 0 0 0 0 0 0 0 0 0 0 0 0 0 0 0 0 0 0 0 0 0 0 0 0 0 14 0 0 0 0 0 0 0 0 0
hsa-miR-525-5p 0 0 0 0 0 0 0 0 0 0 0 0 0 0 0 0 0 0 0 0 0 0 0 0 0 0 0 0 0 0 0 0 0 0 0 0 0 0 0 0 0 0 0 0 0 0 0 0 0 0 0 0 0 0 0 0 0 0 0 0 0 0 0 0 0 0 0 0 0 0 0 0 0 0 0 0 0 0 0 0 0 0 0 0 0 0 18 0 0 0 0 0 0 8 0 0
hsa-miR-6728-5p 0 0 0 0 0 0 0 0 0 0 0 0 0 0 0 0 0 0 0 0 0 0 0 0 0 0 0 0 0 0 0 0 0 0 0 0 0 0 0 0 0 0 0 0 0 0 0 0 0 0 0 0 0 0 0 0 0 0 0 0 0 0 0 0 0 0 0 0 0 0 0 0 0 0 0 0 0 0 0 0 0 0 0 0 0 0 2 0 0 0 46 70 0 0 0 0
hsa-miR-6754-5p 0 0 0 0 0 0 0 0 0 0 0 0 0 0 0 0 0 0 0 0 0 0 0 0 0 0 0 0 0 0 0 0 0 0 0 0 0 0 0 0 0 0 0 0 0 0 0 0 0 0 0 0 0 0 0 0 0 0 0 0 0 0 0 0 0 0 0 0 0 0 0 0 0 0 0 0 0 0 0 0 0 0 0 0 0 0 16 0 0 0 0 0 0 0 0 0
hsa-miR-4782-5p 0 0 0 0 0 0 0 0 0 0 0 0 0 0 0 0 0 0 0 0 0 0 0 0 0 0 0 0 0 0 0 0 0 0 0 0 0 0 0 0 0 0 0 0 0 0 0 0 0 0 0 0 0 0 0 0 0 0 0 0 0 0 0 0 0 0 0 0 0 0 0 0 0 0 0 0 0 0 0 0 0 0 0 0 0 0 0 36 0 0 0 0 0 0 0 0
hsa-miR-6884-3p 0 0 0 0 0 0 0 0 0 0 0 0 0 0 0 0 0 0 0 0 0 0 0 0 0 0 0 0 0 0 0 0 0 0 0 0 0 0 0 0 0 0 0 0 0 0 0 0 0 0 0 0 0 0 0 0 0 0 0 0 0 0 0 0 0 0 0 0 0 0 0 0 0 0 0 0 0 0 0 0 0 0 0 0 0 0 0 30 0 0 26 0 0 0 0 75
hsa-miR-3148 0 0 0 0 0 0 0 0 0 0 0 0 0 0 0 0 0 0 0 0 0 0 0 0 0 0 0 0 0 0 0 0 0 0 0 0 0 0 0 0 0 0 0 0 0 0 0 0 0 0 0 0 0 0 0 0 0 0 0 0 0 0 0 0 0 0 0 0 0 0 0 0 0 0 0 0 0 0 0 0 0 0 0 0 0 0 0 0 0 48 0 0 38 0 0 0
hsa-miR-1285-5p 0 0 0 0 0 0 0 0 0 0 0 0 0 0 0 0 0 0 0 0 0 0 0 0 0 0 0 0 0 0 0 0 0 0 0 0 0 0 0 0 0 0 0 0 0 0 0 0 0 0 0 0 0 0 0 0 0 0 0 0 0 0 0 0 0 0 0 0 0 0 0 0 0 0 0 0 0 0 0 0 0 0 0 0 0 0 0 0 0 0 2 0 0 0 0 0
hsa-miR-2113 0 0 0 0 0 0 0 0 0 0 0 0 0 0 0 0 0 0 0 0 0 0 0 0 0 0 0 0 0 0 0 0 0 0 0 0 0 0 0 0 0 0 0 0 0 0 0 0 0 0 0 0 0 0 0 0 0 0 0 0 0 0 0 0 0 0 0 0 0 0 0 0 0 0 0 0 0 0 0 0 0 0 0 0 0 0 0 0 0 0 42 0 0 0 0 0
hsa-miR-3155a 0 0 0 0 0 0 0 0 0 0 0 0 0 0 0 0 0 0 0 0 0 0 0 0 0 0 0 0 0 0 0 0 0 0 0 0 0 0 0 0 0 0 0 0 0 0 0 0 0 0 0 0 0 0 0 0 0 0 0 0 0 0 0 0 0 0 0 0 0 0 0 0 0 0 0 0 0 0 0 0 0 0 0 0 0 0 0 0 0 0 48 0 0 0 0 0
hsa-miR-3657 0 0 0 0 0 0 0 0 0 0 0 0 0 0 0 0 0 0 0 0 0 0 0 0 0 0 0 0 0 0 0 0 0 0 0 0 0 0 0 0 0 0 0 0 0 0 0 0 0 0 0 0 0 0 0 0 0 0 0 0 0 0 0 0 0 0 0 0 0 0 0 0 0 0 0 0 0 0 0 0 0 0 0 0 0 0 0 0 0 0 28 0 16 0 0 0
hsa-miR-3664-5p 0 0 0 0 0 0 0 0 0 0 0 0 0 0 0 0 0 0 0 0 0 0 0 0 0 0 0 0 0 0 0 0 0 0 0 0 0 0 0 0 0 0 0 0 0 0 0 0 0 0 0 0 0 0 0 0 0 0 0 0 0 0 0 0 0 0 0 0 0 0 0 0 0 0 0 0 0 0 0 0 0 0 0 0 0 0 0 0 0 0 20 0 0 0 0 0
hsa-miR-4642 0 0 0 0 0 0 0 0 0 0 0 0 0 0 0 0 0 0 0 0 0 0 0 0 0 0 0 0 0 0 0 0 0 0 0 0 0 0 0 0 0 0 0 0 0 0 0 0 0 0 0 0 0 0 0 0 0 0 0 0 0 0 0 0 0 0 0 0 0 0 0 0 0 0 0 0 0 0 0 0 0 0 0 0 0 0 0 0 0 0 28 0 0 0 0 0
hsa-miR-548t-3p 0 0 0 0 0 0 0 0 0 0 0 0 0 0 0 0 0 0 0 0 0 0 0 0 0 0 0 0 0 0 0 0 0 0 0 0 0 0 0 0 0 0 0 0 0 0 0 0 0 0 0 0 0 0 0 0 0 0 0 0 0 0 0 0 0 0 0 0 0 0 0 0 0 0 0 0 0 0 0 0 0 0 0 0 0 0 0 0 0 0 22 0 0 0 0 13
hsa-miR-6728-3p 0 0 0 0 0 0 0 0 0 0 0 0 0 0 0 0 0 0 0 0 0 0 0 0 0 0 0 0 0 0 0 0 0 0 0 0 0 0 0 0 0 0 0 0 0 0 0 0 0 0 0 0 0 0 0 0 0 0 0 0 0 0 0 0 0 0 0 0 0 0 0 0 0 0 0 0 0 0 0 0 0 0 0 0 0 0 0 0 0 0 48 0 0 0 0 0
hsa-miR-6895-5p 0 0 0 0 0 0 0 0 0 0 0 0 0 0 0 0 0 0 0 0 0 0 0 0 0 0 0 0 0 0 0 0 0 0 0 0 0 0 0 0 0 0 0 0 0 0 0 0 0 0 0 0 0 0 0 0 0 0 0 0 0 0 0 0 0 0 0 0 0 0 0 0 0 0 0 0 0 0 0 0 0 0 0 0 0 0 0 0 0 0 22 0 50 0 0 0
hsa-miR-8085 0 0 0 0 0 0 0 0 0 0 0 0 0 0 0 0 0 0 0 0 0 0 0 0 0 0 0 0 0 0 0 0 0 0 0 0 0 0 0 0 0 0 0 0 0 0 0 0 0 0 0 0 0 0 0 0 0 0 0 0 0 0 0 0 0 0 0 0 0 0 0 0 0 0 0 0 0 0 0 0 0 0 0 0 0 0 0 0 0 0 42 0 0 0 0 0
hsa-miR-219b-3p 0 0 0 0 0 0 0 0 0 0 0 0 0 0 0 0 0 0 0 0 0 0 0 0 0 0 0 0 0 0 0 0 0 0 0 0 0 0 0 0 0 0 0 0 0 0 0 0 0 0 0 0 0 0 0 0 0 0 0 0 0 0 0 0 0 0 0 0 0 0 0 0 0 0 0 0 0 0 0 0 0 0 0 0 0 0 0 0 0 0 0 16 60 0 0 0
hsa-miR-3121-5p 0 0 0 0 0 0 0 0 0 0 0 0 0 0 0 0 0 0 0 0 0 0 0 0 0 0 0 0 0 0 0 0 0 0 0 0 0 0 0 0 0 0 0 0 0 0 0 0 0 0 0 0 0 0 0 0 0 0 0 0 0 0 0 0 0 0 0 0 0 0 0 0 0 0 0 0 0 0 0 0 0 0 0 0 0 0 0 0 0 0 0 30 0 0 7 0
hsa-miR-4256 0 0 0 0 0 0 0 0 0 0 0 0 0 0 0 0 0 0 0 0 0 0 0 0 0 0 0 0 0 0 0 0 0 0 0 0 0 0 0 0 0 0 0 0 0 0 0 0 0 0 0 0 0 0 0 0 0 0 0 0 0 0 0 0 0 0 0 0 0 0 0 0 0 0 0 0 0 0 0 0 0 0 0 0 0 0 0 0 0 0 0 28 0 0 0 0
hsa-miR-548an 0 0 0 0 0 0 0 0 0 0 0 0 0 0 0 0 0 0 0 0 0 0 0 0 0 0 0 0 0 0 0 0 0 0 0 0 0 0 0 0 0 0 0 0 0 0 0 0 0 0 0 0 0 0 0 0 0 0 0 0 0 0 0 0 0 0 0 0 0 0 0 0 0 0 0 0 0 0 0 0 0 0 0 0 0 0 0 0 0 0 0 138 12 0 0 0
hsa-miR-564 0 0 0 0 0 0 0 0 0 0 0 0 0 0 0 0 0 0 0 0 0 0 0 0 0 0 0 0 0 0 0 0 0 0 0 0 0 0 0 0 0 0 0 0 0 0 0 0 0 0 0 0 0 0 0 0 0 0 0 0 0 0 0 0 0 0 0 0 0 0 0 0 0 0 0 0 0 0 0 0 0 0 0 0 0 0 0 0 0 0 0 34 0 0 0 0
hsa-miR-6504-3p 0 0 0 0 0 0 0 0 0 0 0 0 0 0 0 0 0 0 0 0 0 0 0 0 0 0 0 0 0 0 0 0 0 0 0 0 0 0 0 0 0 0 0 0 0 0 0 0 0 0 0 0 0 0 0 0 0 0 0 0 0 0 0 0 0 0 0 0 0 0 0 0 0 0 0 0 0 0 0 0 0 0 0 0 0 0 0 0 0 0 0 124 0 0 0 0
hsa-miR-6735-3p 0 0 0 0 0 0 0 0 0 0 0 0 0 0 0 0 0 0 0 0 0 0 0 0 0 0 0 0 0 0 0 0 0 0 0 0 0 0 0 0 0 0 0 0 0 0 0 0 0 0 0 0 0 0 0 0 0 0 0 0 0 0 0 0 0 0 0 0 0 0 0 0 0 0 0 0 0 0 0 0 0 0 0 0 0 0 0 0 0 0 0 38 58 0 0 0
hsa-miR-6789-3p 0 0 0 0 0 0 0 0 0 0 0 0 0 0 0 0 0 0 0 0 0 0 0 0 0 0 0 0 0 0 0 0 0 0 0 0 0 0 0 0 0 0 0 0 0 0 0 0 0 0 0 0 0 0 0 0 0 0 0 0 0 0 0 0 0 0 0 0 0 0 0 0 0 0 0 0 0 0 0 0 0 0 0 0 0 0 0 0 0 0 0 22 0 0 0 5
hsa-miR-1305 0 0 0 0 0 0 0 0 0 0 0 0 0 0 0 0 0 0 0 0 0 0 0 0 0 0 0 0 0 0 0 0 0 0 0 0 0 0 0 0 0 0 0 0 0 0 0 0 0 0 0 0 0 0 0 0 0 0 0 0 0 0 0 0 0 0 0 0 0 0 0 0 0 0 0 0 0 0 0 0 0 0 0 0 0 0 0 0 0 0 0 0 30 0 0 0
hsa-miR-1827 0 0 0 0 0 0 0 0 0 0 0 0 0 0 0 0 0 0 0 0 0 0 0 0 0 0 0 0 0 0 0 0 0 0 0 0 0 0 0 0 0 0 0 0 0 0 0 0 0 0 0 0 0 0 0 0 0 0 0 0 0 0 0 0 0 0 0 0 0 0 0 0 0 0 0 0 0 0 0 0 0 0 0 0 0 0 0 0 0 0 0 0 4 0 0 0
hsa-miR-3156-3p 0 0 0 0 0 0 0 0 0 0 0 0 0 0 0 0 0 0 0 0 0 0 0 0 0 0 0 0 0 0 0 0 0 0 0 0 0 0 0 0 0 0 0 0 0 0 0 0 0 0 0 0 0 0 0 0 0 0 0 0 0 0 0 0 0 0 0 0 0 0 0 0 0 0 0 0 0 0 0 0 0 0 0 0 0 0 0 0 0 0 0 0 12 0 0 0
hsa-miR-4649-3p 0 0 0 0 0 0 0 0 0 0 0 0 0 0 0 0 0 0 0 0 0 0 0 0 0 0 0 0 0 0 0 0 0 0 0 0 0 0 0 0 0 0 0 0 0 0 0 0 0 0 0 0 0 0 0 0 0 0 0 0 0 0 0 0 0 0 0 0 0 0 0 0 0 0 0 0 0 0 0 0 0 0 0 0 0 0 0 0 0 0 0 0 72 0 0 0
hsa-miR-4699-3p 0 0 0 0 0 0 0 0 0 0 0 0 0 0 0 0 0 0 0 0 0 0 0 0 0 0 0 0 0 0 0 0 0 0 0 0 0 0 0 0 0 0 0 0 0 0 0 0 0 0 0 0 0 0 0 0 0 0 0 0 0 0 0 0 0 0 0 0 0 0 0 0 0 0 0 0 0 0 0 0 0 0 0 0 0 0 0 0 0 0 0 0 12 0 0 0
hsa-miR-4766-5p 0 0 0 0 0 0 0 0 0 0 0 0 0 0 0 0 0 0 0 0 0 0 0 0 0 0 0 0 0 0 0 0 0 0 0 0 0 0 0 0 0 0 0 0 0 0 0 0 0 0 0 0 0 0 0 0 0 0 0 0 0 0 0 0 0 0 0 0 0 0 0 0 0 0 0 0 0 0 0 0 0 0 0 0 0 0 0 0 0 0 0 0 34 0 0 0
hsa-miR-518d-5p 0 0 0 0 0 0 0 0 0 0 0 0 0 0 0 0 0 0 0 0 0 0 0 0 0 0 0 0 0 0 0 0 0 0 0 0 0 0 0 0 0 0 0 0 0 0 0 0 0 0 0 0 0 0 0 0 0 0 0 0 0 0 0 0 0 0 0 0 0 0 0 0 0 0 0 0 0 0 0 0 0 0 0 0 0 0 0 0 0 0 0 0 14 0 0 0
hsa-miR-518e-5p 0 0 0 0 0 0 0 0 0 0 0 0 0 0 0 0 0 0 0 0 0 0 0 0 0 0 0 0 0 0 0 0 0 0 0 0 0 0 0 0 0 0 0 0 0 0 0 0 0 0 0 0 0 0 0 0 0 0 0 0 0 0 0 0 0 0 0 0 0 0 0 0 0 0 0 0 0 0 0 0 0 0 0 0 0 0 0 0 0 0 0 0 30 0 0 0
hsa-miR-518f-5p 0 0 0 0 0 0 0 0 0 0 0 0 0 0 0 0 0 0 0 0 0 0 0 0 0 0 0 0 0 0 0 0 0 0 0 0 0 0 0 0 0 0 0 0 0 0 0 0 0 0 0 0 0 0 0 0 0 0 0 0 0 0 0 0 0 0 0 0 0 0 0 0 0 0 0 0 0 0 0 0 0 0 0 0 0 0 0 0 0 0 0 0 14 0 0 0
hsa-miR-519a-5p 0 0 0 0 0 0 0 0 0 0 0 0 0 0 0 0 0 0 0 0 0 0 0 0 0 0 0 0 0 0 0 0 0 0 0 0 0 0 0 0 0 0 0 0 0 0 0 0 0 0 0 0 0 0 0 0 0 0 0 0 0 0 0 0 0 0 0 0 0 0 0 0 0 0 0 0 0 0 0 0 0 0 0 0 0 0 0 0 0 0 0 0 30 0 0 0
hsa-miR-519b-5p 0 0 0 0 0 0 0 0 0 0 0 0 0 0 0 0 0 0 0 0 0 0 0 0 0 0 0 0 0 0 0 0 0 0 0 0 0 0 0 0 0 0 0 0 0 0 0 0 0 0 0 0 0 0 0 0 0 0 0 0 0 0 0 0 0 0 0 0 0 0 0 0 0 0 0 0 0 0 0 0 0 0 0 0 0 0 0 0 0 0 0 0 30 0 0 0
hsa-miR-519c-5p 0 0 0 0 0 0 0 0 0 0 0 0 0 0 0 0 0 0 0 0 0 0 0 0 0 0 0 0 0 0 0 0 0 0 0 0 0 0 0 0 0 0 0 0 0 0 0 0 0 0 0 0 0 0 0 0 0 0 0 0 0 0 0 0 0 0 0 0 0 0 0 0 0 0 0 0 0 0 0 0 0 0 0 0 0 0 0 0 0 0 0 0 30 0 0 0
hsa-miR-520a-5p 0 0 0 0 0 0 0 0 0 0 0 0 0 0 0 0 0 0 0 0 0 0 0 0 0 0 0 0 0 0 0 0 0 0 0 0 0 0 0 0 0 0 0 0 0 0 0 0 0 0 0 0 0 0 0 0 0 0 0 0 0 0 0 0 0 0 0 0 0 0 0 0 0 0 0 0 0 0 0 0 0 0 0 0 0 0 0 0 0 0 0 0 24 0 0 0
hsa-miR-520c-5p 0 0 0 0 0 0 0 0 0 0 0 0 0 0 0 0 0 0 0 0 0 0 0 0 0 0 0 0 0 0 0 0 0 0 0 0 0 0 0 0 0 0 0 0 0 0 0 0 0 0 0 0 0 0 0 0 0 0 0 0 0 0 0 0 0 0 0 0 0 0 0 0 0 0 0 0 0 0 0 0 0 0 0 0 0 0 0 0 0 0 0 0 14 0 0 0
hsa-miR-522-5p 0 0 0 0 0 0 0 0 0 0 0 0 0 0 0 0 0 0 0 0 0 0 0 0 0 0 0 0 0 0 0 0 0 0 0 0 0 0 0 0 0 0 0 0 0 0 0 0 0 0 0 0 0 0 0 0 0 0 0 0 0 0 0 0 0 0 0 0 0 0 0 0 0 0 0 0 0 0 0 0 0 0 0 0 0 0 0 0 0 0 0 0 30 0 0 0
hsa-miR-523-5p 0 0 0 0 0 0 0 0 0 0 0 0 0 0 0 0 0 0 0 0 0 0 0 0 0 0 0 0 0 0 0 0 0 0 0 0 0 0 0 0 0 0 0 0 0 0 0 0 0 0 0 0 0 0 0 0 0 0 0 0 0 0 0 0 0 0 0 0 0 0 0 0 0 0 0 0 0 0 0 0 0 0 0 0 0 0 0 0 0 0 0 0 30 0 0 0
hsa-miR-526a 0 0 0 0 0 0 0 0 0 0 0 0 0 0 0 0 0 0 0 0 0 0 0 0 0 0 0 0 0 0 0 0 0 0 0 0 0 0 0 0 0 0 0 0 0 0 0 0 0 0 0 0 0 0 0 0 0 0 0 0 0 0 0 0 0 0 0 0 0 0 0 0 0 0 0 0 0 0 0 0 0 0 0 0 0 0 0 0 0 0 0 0 14 0 0 0
hsa-miR-580-5p 0 0 0 0 0 0 0 0 0 0 0 0 0 0 0 0 0 0 0 0 0 0 0 0 0 0 0 0 0 0 0 0 0 0 0 0 0 0 0 0 0 0 0 0 0 0 0 0 0 0 0 0 0 0 0 0 0 0 0 0 0 0 0 0 0 0 0 0 0 0 0 0 0 0 0 0 0 0 0 0 0 0 0 0 0 0 0 0 0 0 0 0 16 0 0 0
hsa-miR-602 0 0 0 0 0 0 0 0 0 0 0 0 0 0 0 0 0 0 0 0 0 0 0 0 0 0 0 0 0 0 0 0 0 0 0 0 0 0 0 0 0 0 0 0 0 0 0 0 0 0 0 0 0 0 0 0 0 0 0 0 0 0 0 0 0 0 0 0 0 0 0 0 0 0 0 0 0 0 0 0 0 0 0 0 0 0 0 0 0 0 0 0 48 0 0 0
hsa-miR-658 0 0 0 0 0 0 0 0 0 0 0 0 0 0 0 0 0 0 0 0 0 0 0 0 0 0 0 0 0 0 0 0 0 0 0 0 0 0 0 0 0 0 0 0 0 0 0 0 0 0 0 0 0 0 0 0 0 0 0 0 0 0 0 0 0 0 0 0 0 0 0 0 0 0 0 0 0 0 0 0 0 0 0 0 0 0 0 0 0 0 0 0 40 0 0 0
hsa-miR-6777-5p 0 0 0 0 0 0 0 0 0 0 0 0 0 0 0 0 0 0 0 0 0 0 0 0 0 0 0 0 0 0 0 0 0 0 0 0 0 0 0 0 0 0 0 0 0 0 0 0 0 0 0 0 0 0 0 0 0 0 0 0 0 0 0 0 0 0 0 0 0 0 0 0 0 0 0 0 0 0 0 0 0 0 0 0 0 0 0 0 0 0 0 0 12 0 0 0
hsa-miR-6798-5p 0 0 0 0 0 0 0 0 0 0 0 0 0 0 0 0 0 0 0 0 0 0 0 0 0 0 0 0 0 0 0 0 0 0 0 0 0 0 0 0 0 0 0 0 0 0 0 0 0 0 0 0 0 0 0 0 0 0 0 0 0 0 0 0 0 0 0 0 0 0 0 0 0 0 0 0 0 0 0 0 0 0 0 0 0 0 0 0 0 0 0 0 14 0 0 0
hsa-miR-3192-3p 0 0 0 0 0 0 0 0 0 0 0 0 0 0 0 0 0 0 0 0 0 0 0 0 0 0 0 0 0 0 0 0 0 0 0 0 0 0 0 0 0 0 0 0 0 0 0 0 0 0 0 0 0 0 0 0 0 0 0 0 0 0 0 0 0 0 0 0 0 0 0 0 0 0 0 0 0 0 0 0 0 0 0 0 0 0 0 0 0 0 0 0 0 10 0 0
hsa-miR-3668 0 0 0 0 0 0 0 0 0 0 0 0 0 0 0 0 0 0 0 0 0 0 0 0 0 0 0 0 0 0 0 0 0 0 0 0 0 0 0 0 0 0 0 0 0 0 0 0 0 0 0 0 0 0 0 0 0 0 0 0 0 0 0 0 0 0 0 0 0 0 0 0 0 0 0 0 0 0 0 0 0 0 0 0 0 0 0 0 0 0 0 0 0 16 0 0
hsa-miR-3672 0 0 0 0 0 0 0 0 0 0 0 0 0 0 0 0 0 0 0 0 0 0 0 0 0 0 0 0 0 0 0 0 0 0 0 0 0 0 0 0 0 0 0 0 0 0 0 0 0 0 0 0 0 0 0 0 0 0 0 0 0 0 0 0 0 0 0 0 0 0 0 0 0 0 0 0 0 0 0 0 0 0 0 0 0 0 0 0 0 0 0 0 0 24 0 0
hsa-miR-3689a-3p 0 0 0 0 0 0 0 0 0 0 0 0 0 0 0 0 0 0 0 0 0 0 0 0 0 0 0 0 0 0 0 0 0 0 0 0 0 0 0 0 0 0 0 0 0 0 0 0 0 0 0 0 0 0 0 0 0 0 0 0 0 0 0 0 0 0 0 0 0 0 0 0 0 0 0 0 0 0 0 0 0 0 0 0 0 0 0 0 0 0 0 0 0 20 0 0
hsa-miR-4665-3p 0 0 0 0 0 0 0 0 0 0 0 0 0 0 0 0 0 0 0 0 0 0 0 0 0 0 0 0 0 0 0 0 0 0 0 0 0 0 0 0 0 0 0 0 0 0 0 0 0 0 0 0 0 0 0 0 0 0 0 0 0 0 0 0 0 0 0 0 0 0 0 0 0 0 0 0 0 0 0 0 0 0 0 0 0 0 0 0 0 0 0 0 0 36 0 3
hsa-miR-548c-5p 0 0 0 0 0 0 0 0 0 0 0 0 0 0 0 0 0 0 0 0 0 0 0 0 0 0 0 0 0 0 0 0 0 0 0 0 0 0 0 0 0 0 0 0 0 0 0 0 0 0 0 0 0 0 0 0 0 0 0 0 0 0 0 0 0 0 0 0 0 0 0 0 0 0 0 0 0 0 0 0 0 0 0 0 0 0 0 0 0 0 0 0 0 2 0 0
hsa-miR-6870-3p 0 0 0 0 0 0 0 0 0 0 0 0 0 0 0 0 0 0 0 0 0 0 0 0 0 0 0 0 0 0 0 0 0 0 0 0 0 0 0 0 0 0 0 0 0 0 0 0 0 0 0 0 0 0 0 0 0 0 0 0 0 0 0 0 0 0 0 0 0 0 0 0 0 0 0 0 0 0 0 0 0 0 0 0 0 0 0 0 0 0 0 0 0 10 0 0
hsa-miR-7112-3p 0 0 0 0 0 0 0 0 0 0 0 0 0 0 0 0 0 0 0 0 0 0 0 0 0 0 0 0 0 0 0 0 0 0 0 0 0 0 0 0 0 0 0 0 0 0 0 0 0 0 0 0 0 0 0 0 0 0 0 0 0 0 0 0 0 0 0 0 0 0 0 0 0 0 0 0 0 0 0 0 0 0 0 0 0 0 0 0 0 0 0 0 0 86 0 0
hsa-miR-202-3p 0 0 0 0 0 0 0 0 0 0 0 0 0 0 0 0 0 0 0 0 0 0 0 0 0 0 0 0 0 0 0 0 0 0 0 0 0 0 0 0 0 0 0 0 0 0 0 0 0 0 0 0 0 0 0 0 0 0 0 0 0 0 0 0 0 0 0 0 0 0 0 0 0 0 0 0 0 0 0 0 0 0 0 0 0 0 0 0 0 0 0 0 0 0 5 0
hsa-miR-4469 0 0 0 0 0 0 0 0 0 0 0 0 0 0 0 0 0 0 0 0 0 0 0 0 0 0 0 0 0 0 0 0 0 0 0 0 0 0 0 0 0 0 0 0 0 0 0 0 0 0 0 0 0 0 0 0 0 0 0 0 0 0 0 0 0 0 0 0 0 0 0 0 0 0 0 0 0 0 0 0 0 0 0 0 0 0 0 0 0 0 0 0 0 0 11 0
hsa-miR-4483 0 0 0 0 0 0 0 0 0 0 0 0 0 0 0 0 0 0 0 0 0 0 0 0 0 0 0 0 0 0 0 0 0 0 0 0 0 0 0 0 0 0 0 0 0 0 0 0 0 0 0 0 0 0 0 0 0 0 0 0 0 0 0 0 0 0 0 0 0 0 0 0 0 0 0 0 0 0 0 0 0 0 0 0 0 0 0 0 0 0 0 0 0 0 2 0
hsa-miR-4502 0 0 0 0 0 0 0 0 0 0 0 0 0 0 0 0 0 0 0 0 0 0 0 0 0 0 0 0 0 0 0 0 0 0 0 0 0 0 0 0 0 0 0 0 0 0 0 0 0 0 0 0 0 0 0 0 0 0 0 0 0 0 0 0 0 0 0 0 0 0 0 0 0 0 0 0 0 0 0 0 0 0 0 0 0 0 0 0 0 0 0 0 0 0 48 0
hsa-miR-4504 0 0 0 0 0 0 0 0 0 0 0 0 0 0 0 0 0 0 0 0 0 0 0 0 0 0 0 0 0 0 0 0 0 0 0 0 0 0 0 0 0 0 0 0 0 0 0 0 0 0 0 0 0 0 0 0 0 0 0 0 0 0 0 0 0 0 0 0 0 0 0 0 0 0 0 0 0 0 0 0 0 0 0 0 0 0 0 0 0 0 0 0 0 0 14 0
hsa-miR-4664-3p 0 0 0 0 0 0 0 0 0 0 0 0 0 0 0 0 0 0 0 0 0 0 0 0 0 0 0 0 0 0 0 0 0 0 0 0 0 0 0 0 0 0 0 0 0 0 0 0 0 0 0 0 0 0 0 0 0 0 0 0 0 0 0 0 0 0 0 0 0 0 0 0 0 0 0 0 0 0 0 0 0 0 0 0 0 0 0 0 0 0 0 0 0 0 8 40
hsa-miR-4774-5p 0 0 0 0 0 0 0 0 0 0 0 0 0 0 0 0 0 0 0 0 0 0 0 0 0 0 0 0 0 0 0 0 0 0 0 0 0 0 0 0 0 0 0 0 0 0 0 0 0 0 0 0 0 0 0 0 0 0 0 0 0 0 0 0 0 0 0 0 0 0 0 0 0 0 0 0 0 0 0 0 0 0 0 0 0 0 0 0 0 0 0 0 0 0 71 0
hsa-miR-5089-5p 0 0 0 0 0 0 0 0 0 0 0 0 0 0 0 0 0 0 0 0 0 0 0 0 0 0 0 0 0 0 0 0 0 0 0 0 0 0 0 0 0 0 0 0 0 0 0 0 0 0 0 0 0 0 0 0 0 0 0 0 0 0 0 0 0 0 0 0 0 0 0 0 0 0 0 0 0 0 0 0 0 0 0 0 0 0 0 0 0 0 0 0 0 0 4 0
hsa-miR-520d-3p 0 0 0 0 0 0 0 0 0 0 0 0 0 0 0 0 0 0 0 0 0 0 0 0 0 0 0 0 0 0 0 0 0 0 0 0 0 0 0 0 0 0 0 0 0 0 0 0 0 0 0 0 0 0 0 0 0 0 0 0 0 0 0 0 0 0 0 0 0 0 0 0 0 0 0 0 0 0 0 0 0 0 0 0 0 0 0 0 0 0 0 0 0 0 6 0
hsa-miR-524-5p 0 0 0 0 0 0 0 0 0 0 0 0 0 0 0 0 0 0 0 0 0 0 0 0 0 0 0 0 0 0 0 0 0 0 0 0 0 0 0 0 0 0 0 0 0 0 0 0 0 0 0 0 0 0 0 0 0 0 0 0 0 0 0 0 0 0 0 0 0 0 0 0 0 0 0 0 0 0 0 0 0 0 0 0 0 0 0 0 0 0 0 0 0 0 11 0
hsa-miR-548aq-5p 0 0 0 0 0 0 0 0 0 0 0 0 0 0 0 0 0 0 0 0 0 0 0 0 0 0 0 0 0 0 0 0 0 0 0 0 0 0 0 0 0 0 0 0 0 0 0 0 0 0 0 0 0 0 0 0 0 0 0 0 0 0 0 0 0 0 0 0 0 0 0 0 0 0 0 0 0 0 0 0 0 0 0 0 0 0 0 0 0 0 0 0 0 0 20 0
hsa-miR-6778-5p 0 0 0 0 0 0 0 0 0 0 0 0 0 0 0 0 0 0 0 0 0 0 0 0 0 0 0 0 0 0 0 0 0 0 0 0 0 0 0 0 0 0 0 0 0 0 0 0 0 0 0 0 0 0 0 0 0 0 0 0 0 0 0 0 0 0 0 0 0 0 0 0 0 0 0 0 0 0 0 0 0 0 0 0 0 0 0 0 0 0 0 0 0 0 24 0
hsa-miR-6812-5p 0 0 0 0 0 0 0 0 0 0 0 0 0 0 0 0 0 0 0 0 0 0 0 0 0 0 0 0 0 0 0 0 0 0 0 0 0 0 0 0 0 0 0 0 0 0 0 0 0 0 0 0 0 0 0 0 0 0 0 0 0 0 0 0 0 0 0 0 0 0 0 0 0 0 0 0 0 0 0 0 0 0 0 0 0 0 0 0 0 0 0 0 0 0 55 0
hsa-miR-3122 0 0 0 0 0 0 0 0 0 0 0 0 0 0 0 0 0 0 0 0 0 0 0 0 0 0 0 0 0 0 0 0 0 0 0 0 0 0 0 0 0 0 0 0 0 0 0 0 0 0 0 0 0 0 0 0 0 0 0 0 0 0 0 0 0 0 0 0 0 0 0 0 0 0 0 0 0 0 0 0 0 0 0 0 0 0 0 0 0 0 0 0 0 0 0 30
hsa-miR-3923 0 0 0 0 0 0 0 0 0 0 0 0 0 0 0 0 0 0 0 0 0 0 0 0 0 0 0 0 0 0 0 0 0 0 0 0 0 0 0 0 0 0 0 0 0 0 0 0 0 0 0 0 0 0 0 0 0 0 0 0 0 0 0 0 0 0 0 0 0 0 0 0 0 0 0 0 0 0 0 0 0 0 0 0 0 0 0 0 0 0 0 0 0 0 0 24
hsa-miR-4465 0 0 0 0 0 0 0 0 0 0 0 0 0 0 0 0 0 0 0 0 0 0 0 0 0 0 0 0 0 0 0 0 0 0 0 0 0 0 0 0 0 0 0 0 0 0 0 0 0 0 0 0 0 0 0 0 0 0 0 0 0 0 0 0 0 0 0 0 0 0 0 0 0 0 0 0 0 0 0 0 0 0 0 0 0 0 0 0 0 0 0 0 0 0 0 53
hsa-miR-4641 0 0 0 0 0 0 0 0 0 0 0 0 0 0 0 0 0 0 0 0 0 0 0 0 0 0 0 0 0 0 0 0 0 0 0 0 0 0 0 0 0 0 0 0 0 0 0 0 0 0 0 0 0 0 0 0 0 0 0 0 0 0 0 0 0 0 0 0 0 0 0 0 0 0 0 0 0 0 0 0 0 0 0 0 0 0 0 0 0 0 0 0 0 0 0 19
